date,asset,episode,log_growth,cost_fraction,turnover,event,price,quantity_change,equity_after
2021-01-01,LTC,1,-0.0002671252087063366,0.00026708953394438635,0.18419967858233538,entry,124.22,0.001482850415249842,0.9997329104660556
2021-01-01,LTC,1,-6.053534829538686e-05,6.0533516068129885e-05,0.0,funding,124.22,0.0,0.999672393117856
2021-01-01,LTC,1,0.01435894473016662,0.0,0.0,mark,133.97,0.0,1.014130184666542
2021-01-01,LTC,1,-0.016333730704465085,0.0,0.0,mark,122.89,0.0,0.9977002020655737
2021-01-01,LTC,1,0.004966645356443005,0.0,0.0,mark,126.24,0.0,1.0026677509566606
2021-01-02,LTC,1,-5.915795239116236e-05,0.0,0.0,mark,126.2,0.0,1.0026084369400505
2021-01-02,LTC,1,-6.132388786751898e-05,6.132200759644064e-05,0.0,funding,126.2,0.0,1.0025469549778643
2021-01-02,LTC,1,0.02310062943027039,0.0,0.0,mark,142.0,0.0,1.0259759915388118
2021-01-02,LTC,1,-0.027622039550292427,0.0,0.0,mark,123.15,0.0,0.9980242612113522
2021-01-02,LTC,1,0.020311031207259078,0.0,0.0,mark,136.96,0.0,1.0185024254459525
2021-01-03,LTC,1,-2.9118673998611515e-05,0.0,0.0,mark,136.94,0.0,1.0184727684376476
2021-01-03,LTC,1,-2.2897689553671264e-05,2.2897427403548945e-05,0.015791329243826858,resize,136.94,-0.0001174458800370288,1.0184494480313697
2021-01-03,LTC,1,-6.031930194831225e-05,6.0317482775829756e-05,0.0,funding,136.94,0.0,1.01838801772433
2021-01-03,LTC,1,0.036543326206443995,0.0,0.0,mark,164.7,0.0,1.0562916476218378
2021-01-03,LTC,1,-0.038744578474530375,0.0,0.0,mark,135.3,0.0,1.016148754286581
2021-01-03,LTC,1,0.034262013357600755,0.0,0.0,mark,161.24,0.0,1.0515673479300014
2021-01-04,LTC,1,-1.298455493610262e-05,0.0,0.0,mark,161.23,0.0,1.0515536938846493
2021-01-04,LTC,1,-0.00030360552417069337,0.0003035594406774444,0.20935133839823752,rotation,161.23,-0.0013654045352128133,1.0512344848334914
2021-01-04,DOGE,2,-9.27889985439158e-05,9.278469377799503e-05,0.06398944398482415,entry,0.0098188,6.850929867414365,1.0511369463637272
2021-01-04,DOGE,2,-2.1025397796515904e-05,2.102517676442727e-05,0.0,funding,0.0098188,0.0,1.0511148460236264
2021-01-04,DOGE,2,-0.014567227476497656,0.0,0.0,mark,0.0076,0.0,1.0359140028338074
2021-01-04,DOGE,2,0.025592955085590605,0.0,0.0,mark,0.0115198,0.0,1.0627682777280982
2021-01-04,DOGE,2,-0.011400569905351092,0.0,0.0,mark,0.0097613,0.0,1.05072091755625
2021-01-05,DOGE,2,7.041587954093676e-05,0.0,0.0,mark,0.0097721,0.0,1.050794907598818
2021-01-05,DOGE,2,-2.093220751912395e-05,2.0931988441965118e-05,0.0,funding,0.0097721,0.0,1.0507729123719574
2021-01-05,DOGE,2,0.003320280595378832,0.0,0.0,mark,0.0102822,0.0,1.0542675716973253
2021-01-05,DOGE,2,-0.009349765360963656,0.0,0.0,mark,0.0088501,0.0,1.0444563550342012
2021-01-05,DOGE,2,0.007318940433216692,0.0,0.0,mark,0.00997,0.0,1.0521287113927185
2021-01-06,DOGE,2,4.6230539264768476e-05,0.0,0.0,mark,0.0099771,0.0,1.052177352994777
2021-01-06,DOGE,2,-2.1343250080698305e-05,2.1343022315179864e-05,0.0,funding,0.0099771,0.0,1.0521548963500527
2021-01-06,DOGE,2,0.006638358783037593,0.0,0.0,mark,0.011,0.0,1.059162712511431
2021-01-06,DOGE,2,-0.009409510989852916,0.0,0.0,mark,0.0095521,0.0,1.0492432511564016
2021-01-06,DOGE,2,0.005650870786254167,0.0,0.0,mark,0.01042,0.0,1.0551891731883305
2021-01-07,DOGE,2,-8.440426266700127e-06,0.0,0.0,mark,0.0104187,0.0,1.055180266979503
2021-01-07,DOGE,2,-2.2224512390618466e-05,2.22242654278662e-05,0.0,funding,0.0104187,0.0,1.0551568163731753
2021-01-07,DOGE,2,0.0010045818068808727,0.0,0.0,mark,0.0105735,0.0,1.056217340316651
2021-01-07,DOGE,2,-0.011570764260044475,0.0,0.0,mark,0.0087999,0.0,1.0440665311038049
2021-01-07,DOGE,2,0.006175209869704707,0.0,0.0,mark,0.0097439,0.0,1.050533808898644
2021-01-08,DOGE,2,5.086546807862466e-05,0.0,0.0,mark,0.0097517,0.0,1.05058724615161
2021-01-08,DOGE,2,-2.089263840488833e-05,2.08924201551515e-05,0.0,funding,0.0097517,0.0,1.0505652968414536
2021-01-08,DOGE,2,0.0036861444549549493,0.0,0.0,mark,0.010318,0.0,1.0544449784253704
2021-01-08,DOGE,2,-0.009880853591953299,0.0,0.0,mark,0.0088047,0.0,1.0440774662570123
2021-01-08,DOGE,2,0.0061184083704432434,0.0,0.0,mark,0.00974,0.0,1.0504851409620048
2021-01-09,DOGE,2,4.8911417619909384e-05,0.0,0.0,mark,0.0097475,0.0,1.0505365229360104
2021-01-09,DOGE,2,-2.088464831259991e-05,2.0884430229770726e-05,0.0,funding,0.0097475,0.0,1.0505145830792932
2021-01-09,DOGE,2,0.006775656081266746,0.0,0.0,mark,0.01079,0.0,1.0576566774660727
2021-01-09,DOGE,2,-0.00742084042509233,0.0,0.0,mark,0.0096486,0.0,1.049837026115406
2021-01-09,DOGE,2,0.003454608907341044,0.0,0.0,mark,0.0101789,0.0,1.0534700742240959
2021-01-10,DOGE,2,6.568019446234837e-05,0.0,0.0,mark,0.010189,0.0,1.0535392686157568
2021-01-10,DOGE,2,-2.176837972343513e-05,2.1768142793989512e-05,0.0,funding,0.010189,0.0,1.0535163350225185
2021-01-10,DOGE,2,0.004713244792915944,0.0,0.0,mark,0.0109155,0.0,1.058493535571195
2021-01-10,DOGE,2,-0.012780704339114829,0.0,0.0,mark,0.0089534,0.0,1.0450513260783414
2021-01-10,DOGE,2,0.005664999371392923,0.0,0.0,mark,0.00982,0.0,1.0509883419014427
2021-01-11,DOGE,2,-2.4770832268870457e-05,0.0,0.0,mark,0.0098162,0.0,1.0509623083679465
2021-01-11,DOGE,2,-2.1023323145412347e-05,2.1023102156941016e-05,0.0,funding,0.0098162,0.0,1.0509402138799746
2021-01-11,DOGE,2,0.0001909842964625564,0.0,0.0,mark,0.0098455,0.0,1.0511409461250898
2021-01-11,DOGE,2,-0.020651671399169777,0.0,0.0,mark,0.0067094,0.0,1.0296557449678916
2021-01-11,DOGE,2,0.014028093678697152,0.0,0.0,mark,0.0088326,0.0,1.0442016392623859
2021-01-12,DOGE,2,-0.00014566316945782495,0.0,0.0,mark,0.0088104,0.0,1.0440495486193293
2021-01-12,DOGE,2,-1.8994120283288644e-05,1.8993939896063027e-05,0.0,funding,0.0088104,0.0,1.0440297180049543
2021-01-12,DOGE,2,0.002156573084814693,0.0,0.0,mark,0.0091394,0.0,1.0462836739313335
2021-01-12,DOGE,2,-0.00866556659108025,0.0,0.0,mark,0.0078217,0.0,1.0372562036450415
2021-01-12,DOGE,2,0.0017091966959771534,0.0,0.0,mark,0.0080807,0.0,1.0390305944807017
2021-01-13,DOGE,2,-6.593580750228577e-07,0.0,0.0,mark,0.0080806,0.0,1.039029909387715
2021-01-13,DOGE,2,-1.750491088420572e-05,1.7504757674126107e-05,0.0,funding,0.0080806,0.0,1.039011721420935
2021-01-13,DOGE,2,0.00407581930675292,0.0,0.0,mark,0.0087,0.0,1.0432551873808114
2021-01-13,DOGE,2,-0.006125922037813761,0.0,0.0,mark,0.00777,0.0,1.036883822604116
2021-01-13,DOGE,2,0.005953855023271039,0.0,0.0,mark,0.0086738,0.0,1.043075693018285
2021-01-14,DOGE,2,3.4153060227429147e-05,0.0,0.0,mark,0.008679,0.0,1.0431113178535956
2021-01-14,DOGE,2,-1.8727665365830363e-05,1.8727490004238498e-05,0.0,funding,0.008679,0.0,1.0430917829968172
2021-01-14,DOGE,2,-0.0024232073419859917,0.0,0.0,mark,0.0083105,0.0,1.0405672153406749
2021-01-14,DOGE,2,0.011712919943128121,0.0,0.0,mark,0.0101,0.0,1.0528269543384128
2021-01-14,DOGE,2,-0.00462622414477144,0.0,0.0,mark,0.0093907,0.0,1.0479675897834557
2021-01-15,DOGE,2,1.5689514501173838e-05,0.0,0.0,mark,0.0093931,0.0,1.0479840320151375
2021-01-15,DOGE,2,-2.0174333899070387e-05,2.0174130398567473e-05,0.0,funding,0.0093931,0.0,1.04796288984862
2021-01-15,DOGE,2,0.002945323367755174,0.0,0.0,mark,0.0098443,0.0,1.0510540294047974
2021-01-15,DOGE,2,-0.010036001392307847,0.0,0.0,mark,0.0083123,0.0,1.0405584048479186
2021-01-15,DOGE,2,0.006825225235629139,0.0,0.0,mark,0.0093525,0.0,1.047684742096003
2021-01-16,DOGE,2,2.811779449230756e-05,0.0,0.0,mark,0.0093568,0.0,1.047714201094433
2021-01-16,DOGE,2,-2.010154433914582e-05,2.010134230434413e-05,0.0,funding,0.0093568,0.0,1.0476931406326395
2021-01-16,DOGE,2,0.0013768319872616507,0.0,0.0,mark,0.0095675,0.0,1.0491366315557038
2021-01-16,DOGE,2,-0.003236307108866913,0.0,0.0,mark,0.0090727,0.0,1.045746791457307
2021-01-16,DOGE,2,0.0010784062249998203,0.0,0.0,mark,0.0092374,0.0,1.0468751396064702
2021-01-17,DOGE,2,0.0,0.0,0.0,mark,0.0092374,0.0,1.0468751396064702
2021-01-17,DOGE,2,-1.986093633173931e-05,1.9860739104696607e-05,0.0,funding,0.0092374,0.0,1.0468543478924472
2021-01-17,DOGE,2,-0.0030044162817993102,0.0,0.0,mark,0.008779,0.0,1.0437138816412246
2021-01-17,DOGE,2,0.004039842877558707,0.0,0.0,mark,0.0093957,0.0,1.047938850090459
2021-01-17,DOGE,2,-0.0019435333368955706,0.0,0.0,mark,0.0090987,0.0,1.0459041239198368
2021-01-18,DOGE,2,0.0,0.0,0.0,mark,0.0090987,0.0,1.0459041239198368
2021-01-18,DOGE,2,-1.958088268774384e-05,1.9580690983414674e-05,0.0,funding,0.0090987,0.0,1.045883644394388
2021-01-18,DOGE,2,-0.0010728716757217671,0.0,0.0,mark,0.008935,0.0,1.0447621471750923
2021-01-18,DOGE,2,0.0025214199660059363,0.0,0.0,mark,0.00932,0.0,1.0473997551740468
2021-01-18,DOGE,2,-0.0009279290394503741,0.0,0.0,mark,0.0091782,0.0,1.0464282933188473
2021-01-19,DOGE,2,0.0,0.0,0.0,mark,0.0091782,0.0,1.0464282933188473
2021-01-19,DOGE,2,-1.9742078458882107e-05,1.9741883585370292e-05,0.0,funding,0.0091782,0.0,1.0464076348533002
2021-01-19,DOGE,2,0.0032518864883253175,0.0,0.0,mark,0.0096757,0.0,1.0498159724623388
2021-01-19,DOGE,2,-0.004681483936851729,0.0,0.0,mark,0.00896,0.0,1.0449127619562304
2021-01-19,DOGE,2,0.0005427276750354267,0.0,0.0,mark,0.0090428,0.0,1.0454800189492524
2021-01-20,DOGE,2,0.0,0.0,0.0,mark,0.0090428,0.0,1.0454800189492524
2021-01-20,DOGE,2,-8.592575778708341e-05,8.592206627498402e-05,0.059256597431023454,rotation,0.0090428,-6.850929867414365,1.045390189145775
2021-01-20,ADA,3,-0.00018946547790263545,0.00018944753045249367,0.13065346927758184,entry,0.3672,0.37196038932636977,1.0451921425560822
2021-01-20,ADA,3,-4.2934219712138036e-05,4.2933298051670134e-05,0.0,funding,0.3672,0.0,1.0451472690103045
2021-01-20,ADA,3,0.0034462151457574025,0.0,0.0,mark,0.3769,0.0,1.0487552847867703
2021-01-20,ADA,3,-0.01665483371712657,0.0,0.0,mark,0.33033,0.0,1.0314330894558412
2021-01-20,ADA,3,0.016094300529829627,0.0,0.0,mark,0.37532,0.0,1.0481675873716345
2021-01-21,ADA,3,5.67771542614119e-05,0.0,0.0,mark,0.37548,0.0,1.0482271010339268
2021-01-21,ADA,3,-0.0001932137707986879,0.00019319510622024095,0.13323800428982133,rotation,0.37548,-0.37196038932636977,1.0480245886877997
2021-01-21,DOGE,4,-9.394628096847576e-05,9.39418681547594e-05,0.06478749527914442,entry,0.0090589,7.495268530620504,1.0479261353000662
2021-01-21,DOGE,4,-2.1287645753722235e-05,2.1287419173484092e-05,0.0,funding,0.0090589,0.0,1.0479038276571613
2021-01-21,DOGE,4,-0.007385834163336661,0.0,0.0,mark,0.0080301,0.0,1.0401926953928589
2021-01-21,DOGE,4,0.007679764061606548,0.0,0.0,mark,0.0091,0.0,1.0482118831937697
2021-01-21,DOGE,4,-0.0067578654442226015,0.0,0.0,mark,0.0081581,0.0,1.0411520897647781
2021-01-22,DOGE,4,0.0,0.0,0.0,mark,0.0081581,0.0,1.0411520897647781
2021-01-22,DOGE,4,-1.9295554235441433e-05,1.929536807743427e-05,0.0,funding,0.0081581,0.0,1.0411320003519815
2021-01-22,DOGE,4,0.00440122142379635,0.0,0.0,mark,0.0087708,0.0,1.0457243513806926
2021-01-22,DOGE,4,-0.008688133809924038,0.0,0.0,mark,0.0075639,0.0,1.0366783117910867
2021-01-22,DOGE,4,0.006799138149852342,0.0,0.0,mark,0.0085075,0.0,1.0437508471765802
2021-01-23,DOGE,4,1.2207778093132897e-05,0.0,0.0,mark,0.0085092,0.0,1.0437635891330823
2021-01-23,DOGE,4,-2.0075629230411085e-05,2.007542771624599e-05,0.0,funding,0.0085092,0.0,1.0437426351325958
2021-01-23,DOGE,4,0.0023182572382850555,0.0,0.0,mark,0.0088324,0.0,1.0461651059216923
2021-01-23,DOGE,4,-0.0034621497200067147,0.0,0.0,mark,0.00835,0.0,1.042549388382521
2021-01-23,DOGE,4,0.0016371155759271328,0.0,0.0,mark,0.0085779,0.0,1.0442575600806494
2021-01-24,DOGE,4,3.086322623921719e-05,0.0,0.0,mark,0.0085822,0.0,1.0442897897353312
2021-01-24,DOGE,4,-2.0237656120924335e-05,2.0237451340992916e-05,0.0,funding,0.0085822,0.0,1.0442686559715255
2021-01-24,DOGE,4,-0.0005901669956153869,0.0,0.0,mark,0.0085,0.0,1.0436525448983085
2021-01-24,DOGE,4,0.0033497046203326934,0.0,0.0,mark,0.0089672,0.0,1.0471543343558143
2021-01-24,DOGE,4,-0.001817571860050909,0.0,0.0,mark,0.0087135,0.0,1.0452527847295958
2021-01-25,DOGE,4,5.09111792873561e-05,0.0,0.0,mark,0.0087206,0.0,1.0453060011361632
2021-01-25,DOGE,4,-2.0544028182540267e-05,2.054381715534699e-05,0.0,funding,0.0087206,0.0,1.0452845265608044
2021-01-25,DOGE,4,-0.0038875331267843377,0.0,0.0,mark,0.0081795,0.0,1.0412288367588856
2021-01-25,DOGE,4,0.005296271190413,0.0,0.0,mark,0.0089172,0.0,1.0467580963539243
2021-01-25,DOGE,4,-0.004063211660583449,0.0,0.0,mark,0.0083509,0.0,1.0425135257850338
2021-01-26,DOGE,4,-0.00012079278925189524,0.0,0.0,mark,0.0083341,0.0,1.0423876052737193
2021-01-26,DOGE,4,-1.968846972068753e-05,1.9688275904054535e-05,0.0,funding,0.0083341,0.0,1.0423670824589477
2021-01-26,DOGE,4,-0.0027491552596700945,0.0,0.0,mark,0.0079523,0.0,1.0395053889339567
2021-01-26,DOGE,4,0.003664821256925967,0.0,0.0,mark,0.0084615,0.0,1.0433219796697486
2021-01-26,DOGE,4,-0.0015407264299469796,0.0,0.0,mark,0.0082472,0.0,1.0417157436236366
2021-01-27,DOGE,4,0.0,0.0,0.0,mark,0.0082472,0.0,1.0417157436236366
2021-01-27,DOGE,4,-1.949574117417966e-05,1.949555113355338e-05,0.0,funding,0.0082472,0.0,1.0416954348010903
2021-01-27,DOGE,4,7.195233189246664e-06,0.0,0.0,mark,0.0082482,0.0,1.041702930069621
2021-01-27,DOGE,4,-0.007157442972044427,0.0,0.0,mark,0.007257,0.0,1.03427361990207
2021-01-27,DOGE,4,0.0011255332626662275,0.0,0.0,mark,0.0074124,0.0,1.0354383846317283
2021-01-28,DOGE,4,-1.4477583405539253e-05,0.0,0.0,mark,0.0074104,0.0,1.035423394094667
2021-01-28,DOGE,4,-1.7624050281608263e-05,1.762389497892022e-05,0.0,funding,0.0074104,0.0,1.0354051459015108
2021-01-28,DOGE,4,0.19697077598150625,0.0,0.0,mark,0.0374849,0.0,1.260821599325657
2021-01-28,DOGE,4,-0.19785721888983698,0.0,0.0,mark,0.007288,0.0,1.0344877250333628
2021-01-28,DOGE,4,0.19198203763773675,0.0,0.0,mark,0.0364995,0.0,1.2534357617155836
2021-01-29,DOGE,4,-0.00034389640363387546,0.0,0.0,mark,0.036442,0.0,1.2530047837750729
2021-01-29,DOGE,4,-0.0003161355384529989,0.0003160855728789949,0.2179900502613758,rotation,0.036442,-7.495268530620504,1.2526087270401731
2021-01-29,ETH,5,-0.00023207577850317858,0.00023204885100278866,0.1600336903467508,entry,1329.44,0.0001507849900324834,1.2523180606243074
2021-01-29,ETH,5,-5.2591390163794236e-05,5.259000726077988e-05,0.0,funding,1329.44,0.0,1.2522522012084063
2021-01-29,ETH,5,0.012856371916283062,0.0,0.0,mark,1436.9,0.0,1.268455556237297
2021-01-29,ETH,5,-0.018179437081505784,0.0,0.0,mark,1285.35,0.0,1.245604090997874
2021-01-29,ETH,5,0.011332747463684902,0.0,0.0,mark,1379.5,0.0,1.2598004978094324
2021-01-30,ETH,5,7.181348898081072e-06,0.0,0.0,mark,1379.56,0.0,1.2598095449088342
2021-01-30,ETH,5,-0.0002394494301195108,0.00023942076439275236,0.16511776854672575,rotation,1379.56,-0.0001507849900324834,1.259507920344603
2021-01-30,DOGE,6,-2.1506306743746587e-05,2.1506075484860062e-05,0.014831776196455215,entry,0.0459059,0.4069354830689278,1.2594808332721943
2021-01-30,DOGE,6,-4.87297948747841e-06,4.8729676144932e-06,0.0,funding,0.0459059,0.0,1.2594746958628826
2021-01-30,DOGE,6,0.001605967568640879,0.0,0.0,mark,0.0508804,0.0,1.261498996423409
2021-01-30,DOGE,6,-0.005676306978671546,0.0,0.0,mark,0.033333709644209085,0.0,1.2543586255072143
2021-01-30,DOGE,6,-1.5680463466503415e-05,1.5680340528640946e-05,0.010814027950786858,stop,0.033333709644209085,-0.4069354830689278,1.2543389567368213
2021-02-06,DOGE,7,-2.133438935876e-05,2.133416178232732e-05,0.014713215022294703,entry,0.0467527,0.3947442346925346,1.2543121964665884
2021-02-06,DOGE,7,-4.834025293059896e-06,4.834013609232406e-06,0.0,funding,0.0467527,0.0,1.2543061331043606
2021-02-06,DOGE,7,0.003805664725632003,0.0,0.0,mark,0.0588683,0.0,1.2590886963542014
2021-02-06,DOGE,7,-0.004540344679471368,0.0,0.0,mark,0.0444191,0.0,1.253384957958282
2021-02-06,DOGE,7,0.004160165831236174,0.0,0.0,mark,0.0576559,0.0,1.2586101084440602
2021-02-07,DOGE,7,6.272698880293567e-07,0.0,0.0,mark,0.0576579,0.0,1.2586108979325297
2021-02-07,DOGE,7,-5.941217342212517e-06,5.941199693261414e-06,0.0,funding,0.0576579,0.0,1.258603420273849
2021-02-07,DOGE,7,-0.001416539377144607,0.0,0.0,mark,0.0531446,0.0,1.256821821119411
2021-02-07,DOGE,7,0.010669508102364651,0.0,0.0,mark,0.087297,0.0,1.2703032841203243
2021-02-07,DOGE,7,-0.0029166730584911874,0.0,0.0,mark,0.0779247,0.0,1.2666036227295154
2021-02-08,DOGE,7,1.882382692124795e-05,0.0,0.0,mark,0.0779851,0.0,1.2666274652812908
2021-02-08,DOGE,7,-7.984933131694124e-06,7.984901252112978e-06,0.0,funding,0.0779851,0.0,1.2666173513860572
2021-02-08,DOGE,7,0.0022943681742814354,0.0,0.0,mark,0.0853555,0.0,1.269526774293435
2021-02-08,DOGE,7,-0.007219269274689227,0.0,0.0,mark,0.0622214,0.0,1.2603947216936344
2021-02-08,DOGE,7,0.005147676526886572,0.0,0.0,mark,0.0787,0.0,1.2668995540394388
2021-02-09,DOGE,7,1.196471171090541e-05,0.0,0.0,mark,0.0787384,0.0,1.2669147122180509
2021-02-09,DOGE,7,-8.06023628867758e-06,8.06020380500573e-06,0.0,funding,0.0787384,0.0,1.2669045006272668
2021-02-09,DOGE,7,-0.0049158602030938865,0.0,0.0,mark,0.063,0.0,1.2606918579639819
2021-02-09,DOGE,7,0.006491750832526412,0.0,0.0,mark,0.0838001,0.0,1.26890257752001
2021-02-09,DOGE,7,-0.00429854892992091,0.0,0.0,mark,0.0700121,0.0,1.2634598440120692
2021-02-10,DOGE,7,3.12431162723271e-08,0.0,0.0,mark,0.0700122,0.0,1.2634598834864927
2021-02-10,DOGE,7,-7.1865532093942955e-06,7.186527386175079e-06,0.0,funding,0.0700122,0.0,1.2634508035974388
2021-02-10,DOGE,7,0.003629318538316089,0.0,0.0,mark,0.0816496,0.0,1.2680446001542496
2021-02-10,DOGE,7,-0.004883650184869138,0.0,0.0,mark,0.066,0.0,1.2618670107790053
2021-02-10,DOGE,7,0.0020477538654128484,0.0,0.0,mark,0.0725527,0.0,1.264453651325675
2021-02-11,DOGE,7,-1.248742518530613e-07,0.0,0.0,mark,0.0725523,0.0,1.2644534934279812
2021-02-11,DOGE,7,-7.441436106101663e-06,7.441408418680758e-06,0.0,funding,0.0725523,0.0,1.2644440841131102
2021-02-11,DOGE,7,0.0009392133787924612,0.0,0.0,mark,0.0755622,0.0,1.2656322247851113
2021-02-11,DOGE,7,-0.002361397509646584,0.0,0.0,mark,0.068,0.0,1.2626470899335194
2021-02-11,DOGE,7,0.0004947744733104781,0.0,0.0,mark,0.069583,0.0,1.2632719700570376
2021-02-12,DOGE,7,7.18698297071668e-07,0.0,0.0,mark,0.0695853,0.0,1.2632728779687774
2021-02-12,DOGE,7,-7.143790342832549e-06,7.14376482604234e-06,0.0,funding,0.0695853,0.0,1.263263853444426
2021-02-12,DOGE,7,0.001060212411514245,0.0,0.0,mark,0.07298,0.0,1.2646038916979367
2021-02-12,DOGE,7,-0.0038092148437734313,0.0,0.0,mark,0.0608,0.0,1.2597959069193816
2021-02-12,DOGE,7,0.002805934602078748,0.0,0.0,mark,0.0697675,0.0,1.263335775843987
2021-02-13,DOGE,7,3.2808440514876765e-06,0.0,0.0,mark,0.069778,0.0,1.2633399206584512
2021-02-13,DOGE,7,-7.163193291767238e-06,7.163167636169773e-06,0.0,funding,0.069778,0.0,1.2633308711428182
2021-02-13,DOGE,7,0.0006031842241679482,0.0,0.0,mark,0.071709,0.0,1.2640931222600094
2021-02-13,DOGE,7,-0.0019095077742561832,0.0,0.0,mark,0.0656,0.0,1.2616816297302726
2021-02-13,DOGE,7,0.00020037412493403815,0.0,0.0,mark,0.0662405,0.0,1.2619344634125933
2021-02-14,DOGE,7,-1.0322696499750348e-06,0.0,0.0,mark,0.0662372,0.0,1.2619331607566189
2021-02-14,DOGE,7,-6.807284601938076e-06,6.807261432346209e-06,0.0,funding,0.0662372,0.0,1.2619245704476834
2021-02-14,DOGE,7,7.166249543998824e-05,0.0,0.0,mark,0.0664663,0.0,1.2620150063518514
2021-02-14,DOGE,7,-0.0034178288461067683,0.0,0.0,mark,0.055558,0.0,1.2577090178165549
2021-02-14,DOGE,7,0.002232282162936021,0.0,0.0,mark,0.0626783,0.0,1.260519715190836
2021-02-15,DOGE,7,2.975014675487638e-06,0.0,0.0,mark,0.0626878,0.0,1.2605234652610657
2021-02-15,DOGE,7,-6.4497118419226835e-06,6.449691042577424e-06,0.0,funding,0.0626878,0.0,1.260515335274163
2021-02-15,DOGE,7,0.000473449959220403,0.0,0.0,mark,0.0642,0.0,1.261112267505865
2021-02-15,DOGE,7,-0.005243068610835876,0.0,0.0,mark,0.0474935,0.0,1.254517472948974
2021-02-15,DOGE,7,0.0028299611361783674,0.0,0.0,mark,0.0565,0.0,1.2580727368987323
2021-02-16,DOGE,7,-1.1201616324673634e-05,0.0,0.0,mark,0.0564643,0.0,1.2580586445295538
2021-02-16,DOGE,7,-5.820779440145965e-06,5.820762499451814e-06,0.0,funding,0.0564643,0.0,1.2580513216689737
2021-02-16,DOGE,7,0.0010602774043464598,0.0,0.0,mark,0.0598452,0.0,1.2593859124520457
2021-02-16,DOGE,7,-0.0029019450171427763,0.0,0.0,mark,0.0506003,0.0,1.2557365414767367
2021-02-16,DOGE,7,0.0009035758546234908,0.0,0.0,mark,0.053476,0.0,1.256871707472442
2021-02-17,DOGE,7,1.479253278511904e-05,0.0,0.0,mark,0.0535231,0.0,1.256890299925896
2021-02-17,DOGE,7,-5.522705707282555e-06,5.522690457089639e-06,0.0,funding,0.0535231,0.0,1.256883358509831
2021-02-17,DOGE,7,0.0004979531513131764,0.0,0.0,mark,0.055109,0.0,1.2575093833916298
2021-02-17,DOGE,7,-0.0022970011639214744,0.0,0.0,mark,0.0478,0.0,1.2546241977802621
2021-02-17,DOGE,7,0.0005406109223646689,0.0,0.0,mark,0.0495187,0.0,1.2553026446964282
2021-02-18,DOGE,7,-6.289247898570393e-06,0.0,0.0,mark,0.0494987,0.0,1.2552947498117344
2021-02-18,DOGE,7,-5.113944475206262e-06,5.113931399002987e-06,0.0,funding,0.0494987,0.0,1.2552883303204982
2021-02-18,DOGE,7,0.00472560290342387,0.0,0.0,mark,0.0645617,0.0,1.2612343627276719
2021-02-18,DOGE,7,-0.004913890819163109,0.0,0.0,mark,0.0489,0.0,1.2550519969471878
2021-02-18,DOGE,7,0.0031086696579608834,0.0,0.0,mark,0.0587991,0.0,1.2589596096008326
2021-02-19,DOGE,7,0.0,0.0,0.0,mark,0.0587991,0.0,1.2589596096008326
2021-02-19,DOGE,7,-6.057131663964658e-06,6.057113319606085e-06,0.0,funding,0.0587991,0.0,1.2589519839398124
2021-02-19,DOGE,7,-0.001613260502380031,0.0,0.0,mark,0.0536581,0.0,1.256922603829258
2021-02-19,DOGE,7,0.0019016534413221764,0.0,0.0,mark,0.059719,0.0,1.259315109161306
2021-02-19,DOGE,7,-0.001469950880433751,0.0,0.0,mark,0.055033,0.0,1.2574653376775367
2021-02-20,DOGE,7,0.0,0.0,0.0,mark,0.055033,0.0,1.2574653376775367
2021-02-20,DOGE,7,-5.6759062732386485e-06,5.675890165384879e-06,0.0,funding,0.055033,0.0,1.2574582004423933
2021-02-20,DOGE,7,0.001777417421048585,0.0,0.0,mark,0.0607,0.0,1.2596952160203958
2021-02-20,DOGE,7,-0.0030442683799533693,0.0,0.0,mark,0.051,0.0,1.2558661969438782
2021-02-20,DOGE,7,0.0009961504717154461,0.0,0.0,mark,0.0541708,0.0,1.2571178519632413
2021-02-21,DOGE,7,-4.427513317125268e-06,0.0,0.0,mark,0.0541567,0.0,1.257112286069532
2021-02-21,DOGE,7,-5.587096243820126e-06,5.587080636077458e-06,0.0,funding,0.0541567,0.0,1.2571052624818213
2021-02-21,DOGE,7,0.0018331761794217478,0.0,0.0,mark,0.06,0.0,1.2594118714684002
2021-02-21,DOGE,7,-0.002117930025799595,0.0,0.0,mark,0.05325,0.0,1.2567473478842255
2021-02-21,DOGE,7,0.000869144977746491,0.0,0.0,mark,0.0560183,0.0,1.2578401183491248
2021-02-22,DOGE,7,-8.222302116906698e-06,0.0,0.0,mark,0.0559921,0.0,1.2578297760501758
2021-02-22,DOGE,7,-5.773151515113484e-06,5.773134850477102e-06,0.0,funding,0.0559921,0.0,1.2578225144292596
2021-02-22,DOGE,7,0.0015088923436141568,0.0,0.0,mark,0.0608037,0.0,1.2597218657889062
2021-02-22,DOGE,7,-0.004618078567756227,0.0,0.0,mark,0.0461003,0.0,1.253917783408528
2021-02-22,DOGE,7,0.002344274865133645,0.0,0.0,mark,0.0535557,0.0,1.2568607595758547
2021-02-23,DOGE,7,1.6834094571252134e-05,0.0,0.0,mark,0.0536093,0.0,1.2568819178668342
2021-02-23,DOGE,7,-5.53163704735447e-06,5.531621747909092e-06,0.0,funding,0.0536093,0.0,1.2568749652714828
2021-02-23,DOGE,7,8.426090034884607e-05,0.0,0.0,mark,0.0538776,0.0,1.2569808751496507
2021-02-23,DOGE,7,-0.003947243066840341,0.0,0.0,mark,0.0413332,0.0,1.2520290455719738
2021-02-23,DOGE,7,0.001991553792375278,0.0,0.0,mark,0.0476562,0.0,1.2545250133679346
2021-02-24,DOGE,7,1.1264633113325276e-05,0.0,0.0,mark,0.047692,0.0,1.2545391452115366
2021-02-24,DOGE,7,-4.930252999812262e-06,4.930240846024973e-06,0.0,funding,0.047692,0.0,1.2545329600314
2021-02-24,DOGE,7,0.004048944947948788,0.0,0.0,mark,0.060586,0.0,1.2596227921935255
2021-02-24,DOGE,7,-0.00461189411828019,0.0,0.0,mark,0.0459034,0.0,1.2538269204932289
2021-02-24,DOGE,7,0.0034219296507103586,0.0,0.0,mark,0.0567911,0.0,1.2581247772972908
2021-02-25,DOGE,7,-1.2550241956072484e-07,0.0,0.0,mark,0.0567907,0.0,1.258124619399597
2021-02-25,DOGE,7,-5.854120389151069e-06,5.854103253756698e-06,0.0,funding,0.0567907,0.0,1.258117254208169
2021-02-25,DOGE,7,0.0004107188692721029,0.0,0.0,mark,0.0581,0.0,1.2586340928346518
2021-02-25,DOGE,7,-0.0027007910949816204,0.0,0.0,mark,0.0495002,0.0,1.2552393713651429
2021-02-25,DOGE,7,0.00013005933551442036,0.0,0.0,mark,0.0499138,0.0,1.2554026375806118
2021-02-26,DOGE,7,5.974289039666422e-07,0.0,0.0,mark,0.0499157,0.0,1.2554033875946577
2021-02-26,DOGE,7,-5.156580555217063e-06,5.1565672601737385e-06,0.0,funding,0.0499157,0.0,1.255396914022651
2021-02-26,DOGE,7,0.0008446947130130347,0.0,0.0,mark,0.0526032,0.0,1.2564577891533872
2021-02-26,DOGE,7,-0.0013214016822251133,0.0,0.0,mark,0.0484,0.0,1.2547986001861275
2021-02-26,DOGE,7,0.0006531224526074145,0.0,0.0,mark,0.0504768,0.0,1.255618405012737
2021-02-27,DOGE,7,-1.2889683672029228e-06,0.0,0.0,mark,0.0504727,0.0,1.2556167865613748
2021-02-27,DOGE,7,-5.21323585643205e-06,5.213222267515041e-06,0.0,funding,0.0504727,0.0,1.2556102407519836
2021-02-27,DOGE,7,0.0005114668640655773,0.0,0.0,mark,0.0521,0.0,1.2562526080450986
2021-02-27,DOGE,7,-0.0009431154358125027,0.0,0.0,mark,0.0491,0.0,1.255068375341021
2021-02-27,DOGE,7,0.00030582403123736063,0.0,0.0,mark,0.0500725,0.0,1.2554522641092596
2021-02-28,DOGE,7,-6.288480576208186e-07,0.0,0.0,mark,0.0500705,0.0,1.25545147462079
2021-02-28,DOGE,7,-2.2828151820010772e-05,2.2827891259800994e-05,0.015743373282621372,rotation,0.0500705,-0.3947442346925346,1.2554228153110456
2021-02-28,ADA,8,-0.00019322870526914548,0.00019321003780533775,0.13324830193471568,entry,1.314,0.12730818748120015,1.2551802550214377
2021-02-28,ADA,8,-4.378709476205728e-05,4.3786136121332614e-05,0.0,funding,1.314,0.0,1.2551252955279346
2021-02-28,ADA,8,0.004604478145193087,0.0,0.0,mark,1.3595,0.0,1.2609178180583291
2021-02-28,ADA,8,-0.020966514827707523,0.0,0.0,mark,1.154,0.0,1.2347559855309425
2021-02-28,ADA,8,0.016162198315372148,0.0,0.0,mark,1.31203,0.0,1.2548744983985964
2021-03-01,ADA,8,7.709973610465493e-05,0.0,0.0,mark,1.31279,0.0,1.2549712526210821
2021-03-01,ADA,8,-4.37540581596696e-05,4.375310096485786e-05,0.0,funding,1.31279,0.0,1.2549163437371582
2021-03-01,ADA,8,0.0035656038786695352,0.0,0.0,mark,1.348,0.0,1.2593988650183714
2021-03-01,ADA,8,-0.011865902553125814,0.0,0.0,mark,1.23131,0.0,1.24454327262119
2021-03-01,ADA,8,0.006622979248161314,0.0,0.0,mark,1.29627,0.0,1.252813212479969
2021-03-02,ADA,8,5.182376159355378e-05,0.0,0.0,mark,1.29678,0.0,1.2528781396555844
2021-03-02,ADA,8,-4.329265589220775e-05,4.329171877876798e-05,0.0,funding,1.29678,0.0,1.2528239004074984
2021-03-02,ADA,8,0.00032512149424263824,0.0,0.0,mark,1.29998,0.0,1.2532312866074382
2021-03-02,ADA,8,-0.012262925887210122,0.0,0.0,mark,1.18,0.0,1.2379568502734437
2021-03-02,ADA,8,0.004391780082047589,0.0,0.0,mark,1.2228,0.0,1.243405640697639
2021-03-03,ADA,8,1.0238663726696374e-06,0.0,0.0,mark,1.22281,0.0,1.2434069137795138
2021-03-03,ADA,8,-0.00018155552294679225,0.00018153904274024495,0.12519933982085857,rotation,1.22281,-0.12730818748120015,1.2431811868786498
2021-03-03,BNB,9,-9.449415589909769e-05,9.448969146696762e-05,0.06516530445997766,entry,239.7204,0.0003379448747034612,1.243063719071864
2021-03-03,BNB,9,-2.141179801656749e-05,2.1411568785662726e-05,0.0,funding,239.7204,0.0,1.2430371031275382
2021-03-03,BNB,9,0.004104338062234928,0.0,0.0,mark,254.8481,0.0,1.2481494318085897
2021-03-03,BNB,9,-0.0051157719262355655,0.0,0.0,mark,236.002,0.0,1.241780488905441
2021-03-03,BNB,9,0.0012424153827464118,0.0,0.0,mark,240.5701,0.0,1.2433242548875738
2021-03-04,BNB,9,-2.4462975467924132e-05,0.0,0.0,mark,240.4801,0.0,1.2432938398488504
2021-03-04,BNB,9,-2.1475679356498947e-05,2.1475448755749158e-05,0.0,funding,240.4801,0.0,1.2432671395557044
2021-03-04,BNB,9,-0.00407179726247458,0.0,0.0,mark,225.5308,0.0,1.2382151002403
2021-03-04,BNB,9,0.006653036291127991,0.0,0.0,mark,249.9885,0.0,1.2464804546023347
2021-03-04,BNB,9,-0.005532989792984362,0.0,0.0,mark,229.6369,0.0,1.2396027356903196
2021-03-05,BNB,9,0.0,0.0,0.0,mark,229.6369,0.0,1.2396027356903196
2021-03-05,BNB,9,-2.0568399618456358e-05,2.0568188090475934e-05,0.0,funding,229.6369,0.0,1.2395772393080946
2021-03-05,BNB,9,0.0006985317144765446,0.0,0.0,mark,232.2,0.0,1.240443425816447
2021-03-05,BNB,9,-0.004520726536774641,0.0,0.0,mark,215.6439,0.0,1.234848376676369
2021-03-05,BNB,9,0.0026859128224462916,0.0,0.0,mark,225.4714,0.0,1.2381695299325173
2021-03-06,BNB,9,1.847780622061351e-05,0.0,0.0,mark,225.5391,0.0,1.2381924088005347
2021-03-06,BNB,9,-2.0224369133503618e-05,2.0224164622350682e-05,0.0,funding,225.5391,0.0,1.238167367393425
2021-03-06,BNB,9,0.001897993580017571,0.0,0.0,mark,232.4996,0.0,1.2405196326937984
2021-03-06,BNB,9,-0.003642971289963176,0.0,0.0,mark,219.1514,0.0,1.2360086769172816
2021-03-06,BNB,9,0.0019748482914755433,0.0,0.0,mark,226.3814,0.0,1.2384520183613876
2021-03-07,BNB,9,-5.4575369602831766e-08,0.0,0.0,mark,226.3812,0.0,1.2384519507724128
2021-03-07,BNB,9,-2.029562776223012e-05,2.0295421807386614e-05,0.0,funding,226.3812,0.0,1.2384268158676837
2021-03-07,BNB,9,0.004782760554124362,0.0,0.0,mark,243.95,0.0,1.2443641017823739
2021-03-07,BNB,9,-0.005172239567923501,0.0,0.0,mark,224.9542,0.0,1.2379445685314818
2021-03-07,BNB,9,0.0041288267456737375,0.0,0.0,mark,240.11,0.0,1.2430663934635124
2021-03-08,BNB,9,-1.6583711504891417e-06,0.0,0.0,mark,240.1039,0.0,1.2430643319997767
2021-03-08,BNB,9,-2.144604198428597e-05,2.144581201950408e-05,0.0,funding,240.1039,0.0,1.2430376734757844
2021-03-08,BNB,9,0.000813838368536948,0.0,0.0,mark,243.0986,0.0,1.2440497169920588
2021-03-08,BNB,9,-0.003918243963057034,0.0,0.0,mark,228.7029,0.0,1.2391847639592901
2021-03-08,BNB,9,0.003225924180818841,0.0,0.0,mark,240.5509,0.0,1.2431887348347768
2021-03-09,BNB,9,6.368941454493005e-05,0.0,0.0,mark,240.7852,0.0,1.24326791531892
2021-03-09,BNB,9,-2.1503374484759e-05,2.150314328889839e-05,0.0,funding,240.7852,0.0,1.2432411811507904
2021-03-09,BNB,9,-0.0014104375130025914,0.0,0.0,mark,235.6001,0.0,1.2414889031809655
2021-03-09,BNB,9,0.016654790453473334,0.0,0.0,mark,297.2962,0.0,1.2623387839651576
2021-03-09,BNB,9,-0.0010958152743428436,0.0,0.0,mark,293.2052,0.0,1.2609562514827457
2021-03-10,BNB,9,-2.0020309834318458e-05,0.0,0.0,mark,293.1305,0.0,1.2609310070006055
2021-03-10,BNB,9,-0.00011392218041725767,0.00011391569153205247,0.0785625458841741,rotation,293.1305,-0.0003379448747034612,1.2607873671729688
2021-03-10,DOGE,10,-0.00020731074416759467,0.0002072892567802838,0.14295810812433363,entry,0.0579432,3.110628628693396,1.2605260194966696
2021-03-10,DOGE,10,-4.697859766939679e-05,4.6977494192471296e-05,0.0,funding,0.0579432,0.0,1.2604668031429094
2021-03-10,DOGE,10,-0.008533569414123107,0.0,0.0,mark,0.0545,0.0,1.2497562866485923
2021-03-10,DOGE,10,0.010545300821106223,0.0,0.0,mark,0.0587592,0.0,1.263005076103923
2021-03-10,DOGE,10,-0.007143172010174063,0.0,0.0,mark,0.0558692,0.0,1.2540153593669991
2021-03-11,DOGE,10,3.447883809937447e-05,0.0,0.0,mark,0.0558831,0.0,1.254058597104938
2021-03-11,DOGE,10,-0.00020101222711727093,0.00020099202551306732,0.13861519000901193,rotation,0.0558831,-3.110628628693396,1.2538065413273938
2021-03-11,BNB,11,-9.683777682490808e-05,9.683308819864878e-05,0.06678144013699916,entry,278.3522,0.00030080957320629517,1.2536851313679933
2021-03-11,BNB,11,-2.194287973014051e-05,2.194263898688414e-05,0.0,funding,278.3522,0.0,1.2536576222077525
2021-03-11,BNB,11,0.008822944249907736,0.0,0.0,mark,315.2855,0.0,1.2647675124178526
2021-03-11,BNB,11,-0.010319452143694622,0.0,0.0,mark,272.12,0.0,1.2517829167856163
2021-03-11,BNB,11,0.004294649631147086,0.0,0.0,mark,290.0301,0.0,1.2571704463226983
2021-03-12,BNB,11,-5.8408755521714934e-05,0.0,0.0,mark,289.786,0.0,1.2570970187058785
2021-03-12,BNB,11,-2.2782229674391108e-05,2.2781970161279533e-05,0.0,funding,289.786,0.0,1.2570683795591084
2021-03-12,BNB,11,-0.010157128039647544,0.0,0.0,mark,247.5547,0.0,1.2443648002301615
2021-03-12,BNB,11,0.010327969731923375,0.0,0.0,mark,290.5,0.0,1.2572831575943777
2021-03-12,BNB,11,-0.006548208195758671,0.0,0.0,mark,263.2201,0.0,1.2490771025182672
2021-03-13,BNB,11,-6.76721844550091e-06,0.0,0.0,mark,263.192,0.0,1.24906864976926
2021-03-13,BNB,11,-2.0824451583853664e-05,2.0824234756478887e-05,0.0,funding,263.192,0.0,1.2490426388704703
2021-03-13,BNB,11,0.0050671803914606,0.0,0.0,mark,284.2857,0.0,1.255387825764812
2021-03-13,BNB,11,-0.0069405366815992004,0.0,0.0,mark,255.4206,0.0,1.2467049273532549
2021-03-13,BNB,11,0.00502093792955084,0.0,0.0,mark,276.2822,0.0,1.2529802963456553
2021-03-14,BNB,11,1.6805254236064475e-06,0.0,0.0,mark,276.2892,0.0,1.2529824020126679
2021-03-14,BNB,11,-2.1792464368145798e-05,2.1792226914193043e-05,0.0,funding,276.2892,0.0,1.2529550967358438
2021-03-14,BNB,11,0.00014295747507601887,0.0,0.0,mark,276.8847,0.0,1.2531342288366882
2021-03-14,BNB,11,-0.003338457969449866,0.0,0.0,mark,263.0003,0.0,1.2489576683984627
2021-03-14,BNB,11,5.7248048266512e-05,0.0,0.0,mark,263.238,0.0,1.2490291708340138
2021-03-15,BNB,11,2.6973123299736192e-05,0.0,0.0,mark,263.35,0.0,1.249062861506213
2021-03-15,BNB,11,-9.196628699759287e-05,9.19620582282852e-05,0.0634221091229553,rotation,263.35,-0.00030080957320629517,1.2489479951146123
2021-03-15,DOGE,12,-0.00022057733353462344,0.000220553008143208,0.1521055228573848,entry,0.058221,3.262944432740602,1.2486725358772754
2021-03-15,DOGE,12,-4.9985340445810306e-05,4.998409119954105e-05,0.0,funding,0.058221,0.0,1.2486101221153638
2021-03-15,DOGE,12,0.004051482980031455,0.0,0.0,mark,0.0597745,0.0,1.2536791062916264
2021-03-15,DOGE,12,-0.012504423072623016,0.0,0.0,mark,0.055,0.0,1.2381001780975063
2021-03-15,DOGE,12,0.005176035156342801,0.0,0.0,mark,0.0569691,0.0,1.244525241980016
2021-03-16,DOGE,12,0.00012085945990794018,0.0,0.0,mark,0.0570152,0.0,1.2446756637183654
2021-03-16,DOGE,12,-4.910727288186958e-05,4.9106067139417114e-05,0.0,funding,0.0570152,0.0,1.244614542591656
2021-03-16,DOGE,12,-0.004594231204456024,0.0,0.0,mark,0.0552668,0.0,1.2389096105454522
2021-03-16,DOGE,12,0.010156295805573104,0.0,0.0,mark,0.0591427,0.0,1.2515564568723114
2021-03-16,DOGE,12,-0.0012835211186608998,0.0,0.0,mark,0.0586507,0.0,1.249951088211403
2021-03-17,DOGE,12,-3.080387519915952e-05,0.0,0.0,mark,0.0586389,0.0,1.2499125854670967
2021-03-17,DOGE,12,-5.029418724700372e-05,5.029292251559752e-05,0.0,funding,0.0586389,0.0,1.2498497237102846
2021-03-17,DOGE,12,-0.005517177440235821,0.0,0.0,mark,0.0565314,0.0,1.2429730683182838
2021-03-17,DOGE,12,0.006350938639186019,0.0,0.0,mark,0.0589584,0.0,1.2508922344565452
2021-03-17,DOGE,12,-0.002785573723879517,0.0,0.0,mark,0.057892,0.0,1.2474126305134705
2021-03-18,DOGE,12,1.3078841032760398e-06,0.0,0.0,mark,0.0578925,0.0,1.247414261985687
2021-03-18,DOGE,12,-4.97534387006871e-05,4.9752201018936727e-05,0.0,funding,0.0578925,0.0,1.2473522003805708
2021-03-18,DOGE,12,0.0036480071223370025,0.0,0.0,mark,0.0592896,0.0,1.2519108600475528
2021-03-18,DOGE,12,-0.006274937226465203,0.0,0.0,mark,0.0568896,0.0,1.2440797934089753
2021-03-18,DOGE,12,0.0012028688366201926,0.0,0.0,mark,0.0573485,0.0,1.24557715860916
2021-03-19,DOGE,12,3.772188122174312e-05,0.0,0.0,mark,0.0573629,0.0,1.2456241450089915
2021-03-19,DOGE,12,-4.9369133051493435e-05,4.936791441582262e-05,0.0,funding,0.0573629,0.0,1.2455626511428064
2021-03-19,DOGE,12,0.006624337261995265,0.0,0.0,mark,0.0599,0.0,1.2538410674631126
2021-03-19,DOGE,12,-0.009218012800924732,0.0,0.0,mark,0.0563741,0.0,1.2423362516877126
2021-03-19,DOGE,12,0.004907557369060913,0.0,0.0,mark,0.0582472,0.0,1.248448072904679
2021-03-20,DOGE,12,3.9725937603440685e-05,0.0,0.0,mark,0.0582624,0.0,1.2484976696600567
2021-03-20,DOGE,12,-5.0027891257932826e-05,5.00266398839306e-05,0.0,funding,0.0582624,0.0,1.2484352115167408
2021-03-20,DOGE,12,-0.0007645168101569026,0.0,0.0,mark,0.05797,0.0,1.2474811265646073
2021-03-20,DOGE,12,0.006920485904920283,0.0,0.0,mark,0.060625,0.0,1.2561442440335335
2021-03-20,DOGE,12,-0.004703325152417747,0.0,0.0,mark,0.0588186,0.0,1.250250061210231
2021-03-21,DOGE,12,5.480500066442001e-05,0.0,0.0,mark,0.0588396,0.0,1.2503185830433186
2021-03-21,DOGE,12,-5.0449943017769386e-05,5.044867044082415e-05,0.0,funding,0.0588396,0.0,1.2502555061331766
2021-03-21,DOGE,12,0.0018666283959175008,0.0,0.0,mark,0.0595555,0.0,1.2525914480525755
2021-03-21,DOGE,12,-0.007466252402584677,0.0,0.0,mark,0.0567,0.0,1.2432741102248848
2021-03-21,DOGE,12,0.0020400233690188296,0.0,0.0,mark,0.0574781,0.0,1.2458130072880003
2021-03-22,DOGE,12,2.802428295045597e-05,0.0,0.0,mark,0.0574888,0.0,1.2458479207934305
2021-03-22,DOGE,12,-4.946860379434482e-05,4.946738024311075e-05,0.0,funding,0.0574888,0.0,1.2457862919606075
2021-03-22,DOGE,12,-0.008061253643655574,0.0,0.0,mark,0.0544234,0.0,1.2357840620964844
2021-03-22,DOGE,12,0.009340953892395115,0.0,0.0,mark,0.0579777,0.0,1.2473815454937742
2021-03-22,DOGE,12,-0.008114983307267091,0.0,0.0,mark,0.054888,0.0,1.2373000260799356
2021-03-23,DOGE,12,5.537997406099598e-06,0.0,0.0,mark,0.0548901,0.0,1.2373068782632444
2021-03-23,DOGE,12,-4.755844226873777e-05,4.75573113839662e-05,0.0,funding,0.0548901,0.0,1.2372480352747572
2021-03-23,DOGE,12,0.0031994107337667333,0.0,0.0,mark,0.0561052,0.0,1.2412128390549804
2021-03-23,DOGE,12,-0.009267128550510942,0.0,0.0,mark,0.0525963,0.0,1.2297634933349368
2021-03-23,DOGE,12,0.002006276824186929,0.0,0.0,mark,0.0533532,0.0,1.2322332159760783
2021-03-24,DOGE,12,0.0001858718050214804,0.0,0.0,mark,0.0534234,0.0,1.2324622746752567
2021-03-24,DOGE,12,-4.64695727690858e-05,4.646849307517698e-05,0.0,funding,0.0534234,0.0,1.2324050040105805
2021-03-24,DOGE,12,0.008898928472549989,0.0,0.0,mark,0.0567995,0.0,1.243421030709956
2021-03-24,DOGE,12,-0.016002254087345312,0.0,0.0,mark,0.05075,0.0,1.2236818483640917
2021-03-24,DOGE,12,0.001996811474337123,0.0,0.0,mark,0.0514996,0.0,1.226127751510874
2021-03-25,DOGE,12,0.0,0.0,0.0,mark,0.0514996,0.0,1.226127751510874
2021-03-25,DOGE,12,-4.5027580431526343e-05,4.5026566705184514e-05,0.0,funding,0.0514996,0.0,1.2260725431878814
2021-03-25,DOGE,12,0.002525573432336105,0.0,0.0,mark,0.0524498,0.0,1.2291729929878714
2021-03-25,DOGE,12,-0.007647829757352506,0.0,0.0,mark,0.0495798,0.0,1.2198083424659059
2021-03-25,DOGE,12,0.004500383784667814,0.0,0.0,mark,0.051266,0.0,1.225310319368393
2021-03-26,DOGE,12,0.0,0.0,0.0,mark,0.051266,0.0,1.225310319368393
2021-03-26,DOGE,12,-0.00019797210944596177,0.0001979525142609619,0.13651897535238752,rotation,0.051266,-3.262944432740602,1.225067766109924
2021-03-26,BNB,13,-0.0003015138195894891,0.0003014683688659178,0.20790921990752953,entry,234.0024,0.0010884626977576903,1.2246984469287248
2021-03-26,BNB,13,-6.832986358571355e-05,6.832752915386474e-05,0.0,funding,234.0024,0.0,1.2246147663098876
2021-03-26,BNB,13,0.018675428431952447,0.0,0.0,mark,255.2113,0.0,1.2476998628203606
2021-03-26,BNB,13,-0.018845207557375048,0.0,0.0,mark,233.8114,0.0,1.2244068699346158
2021-03-26,BNB,13,0.018844509656791672,0.0,0.0,mark,255.2105,0.0,1.2476989920502024
2021-03-27,BNB,13,-7.88659032670937e-05,0.0,0.0,mark,255.1201,0.0,1.2476005950223252
2021-03-27,BNB,13,-2.8035778361318485e-05,2.8035385362478092e-05,0.01933474852584696,resize,255.1201,-9.45517180553539e-05,1.2475656180588652
2021-03-27,BNB,13,-6.677813554890655e-05,6.677590593877233e-05,0.0,funding,255.1201,0.0,1.2474823107345012
2021-03-27,BNB,13,0.016498858547132136,0.0,0.0,mark,276.0,0.0,1.2682350725995881
2021-03-27,BNB,13,-0.020986555627822905,0.0,0.0,mark,249.5001,0.0,1.2418965310285741
2021-03-27,BNB,13,0.0156616077015189,0.0,0.0,mark,269.2234,0.0,1.2614997354545372
2021-03-28,BNB,13,4.963523652412671e-05,0.0,0.0,mark,269.2864,0.0,1.2615623518462584
2021-03-28,BNB,13,-2.5591353860439553e-05,2.5591026404466805e-05,0.017648983727218483,resize,269.2864,-8.26825766864056e-05,1.2615300671708014
2021-03-28,BNB,13,-6.390707806916986e-05,6.390503605530659e-05,0.0,funding,269.2864,0.0,1.261449449046374
2021-03-28,BNB,13,0.008708023234780832,0.0,0.0,mark,281.3939,0.0,1.2724821469358893
2021-03-28,BNB,13,-0.014711825042339722,0.0,0.0,mark,261.0,0.0,1.2538986460076227
2021-03-28,BNB,13,0.0053823015763003875,0.0,0.0,mark,268.4263,0.0,1.26066570149694
2021-03-29,BNB,13,0.00014245673971116166,0.0,0.0,mark,268.6234,0.0,1.2608453046151744
2021-03-29,BNB,13,-6.37843532753728e-05,6.378231909676528e-05,0.0,funding,268.6234,0.0,1.2607648849776238
2021-03-29,BNB,13,-0.003014756247970964,0.0,0.0,mark,264.4585,0.0,1.2569697098019028
2021-03-29,BNB,13,0.009755487160058612,0.0,0.0,mark,277.9813,0.0,1.2692920692502065
2021-03-29,BNB,13,-0.0019274153154332663,0.0,0.0,mark,275.2991,0.0,1.2668479724276371
2021-03-30,BNB,13,-3.5964400885298604e-07,0.0,0.0,mark,275.2986,0.0,1.2668475168134357
2021-03-30,BNB,13,-6.5059699873409e-05,6.505758353702657e-05,0.0,funding,275.2986,0.0,1.2667650987752819
2021-03-30,BNB,13,-0.0028907935221917464,0.0,0.0,mark,271.2857,0.0,1.2631084303168192
2021-03-30,BNB,13,0.028621219080239086,0.0,0.0,mark,311.5325,0.0,1.2997824576073207
2021-03-30,BNB,13,-0.0001656747309347334,0.0,0.0,mark,311.2962,0.0,1.299567134335688
2021-03-31,BNB,13,0.0,0.0,0.0,mark,311.2962,0.0,1.299567134335688
2021-03-31,BNB,13,-7.171482482467701e-05,7.17122533779952e-05,0.0,funding,311.2962,0.0,1.2994739394480688
2021-03-31,BNB,13,-0.019326436720141216,0.0,0.0,mark,284.0,0.0,1.2746008667136652
2021-03-31,BNB,13,0.02310836540848834,0.0,0.0,mark,316.6997,0.0,1.3043977621237652
2021-03-31,BNB,13,-0.01005921423239794,0.0,0.0,mark,302.3724,0.0,1.2913423194252351
2021-04-01,BNB,13,6.117749318651138e-05,0.0,0.0,mark,302.4591,0.0,1.2914213229277767
2021-04-01,BNB,13,-4.9967208754916156e-05,4.99659604146619e-05,0.03445928304459441,resize,302.4591,0.00014713213421779282,1.2913567958210765
2021-04-01,BNB,13,-8.144468502007307e-05,8.144136849171484e-05,0.0,funding,302.4591,0.0,1.2912516259564137
2021-04-01,BNB,13,-0.0014428678693538441,0.0,0.0,mark,300.7,0.0,1.2893898639353658
2021-04-01,BNB,13,0.030953471396396356,0.0,0.0,mark,339.0,0.0,1.3299250725114173
2021-04-01,BNB,13,-0.003348696322385078,0.0,0.0,mark,334.7991,0.0,1.325479005730552
2021-04-02,BNB,13,-0.00010260917446097792,0.0,0.0,mark,334.6706,0.0,1.3253430064015175
2021-04-02,BNB,13,-2.746373814888693e-05,2.7463361023842296e-05,0.018940248981960204,resize,334.6706,-7.50060702306818e-05,1.3253066080280522
2021-04-02,BNB,13,-8.158682480044611e-05,8.158349668595465e-05,0.0,funding,334.6706,0.0,1.3251984848807883
2021-04-02,BNB,13,0.016424990630095292,0.0,0.0,mark,356.9882,0.0,1.3471445965335753
2021-04-02,BNB,13,-0.02391376031445737,0.0,0.0,mark,324.6162,0.0,1.3153114457277528
2021-04-02,BNB,13,0.010173288676231355,0.0,0.0,mark,338.2932,0.0,1.3287607847729535
2021-04-03,BNB,13,0.0,0.0,0.0,mark,338.2932,0.0,1.3287607847729535
2021-04-03,BNB,13,-8.225559411978381e-05,8.225221122119232e-05,0.0,funding,338.2932,0.0,1.3286514912602219
2021-04-03,BNB,13,0.00799193251361945,0.0,0.0,mark,349.1347,0.0,1.3393125287142353
2021-04-03,BNB,13,-0.024696820258642397,0.0,0.0,mark,315.91,0.0,1.3066408715543993
2021-04-03,BNB,13,0.00453507081661427,0.0,0.0,mark,321.9497,0.0,1.3125800375287575
2021-04-04,BNB,13,7.4917395922031696e-06,0.0,0.0,mark,321.9597,0.0,1.3125898710734276
2021-04-04,BNB,13,-1.6510882298047417e-05,1.6510745994110936e-05,0.01138672137524892,resize,321.9597,4.642225453026271e-05,1.3125681992354719
2021-04-04,BNB,13,-8.299114355492861e-05,8.298769988512361e-05,0.0,funding,321.9597,0.0,1.3124592722196748
2021-04-04,BNB,13,0.02354763136400863,0.0,0.0,mark,352.3275,0.0,1.343731325743854
2021-04-04,BNB,13,-0.02823467519274595,0.0,0.0,mark,316.0,0.0,1.3063221118923527
2021-04-04,BNB,13,0.025575104636775196,0.0,0.0,mark,348.8617,0.0,1.3401623255823636
2021-04-05,BNB,13,6.7618708110466864e-06,0.0,0.0,mark,348.8705,0.0,1.3401713876175132
2021-04-05,BNB,13,-2.29117827346819e-05,2.291152026184581e-05,0.015801048456445383,resize,348.8705,-6.069906465489623e-05,1.3401406822536115
2021-04-05,BNB,13,-8.288605255764714e-05,8.288261760366473e-05,0.0,funding,348.8705,0.0,1.340029607885909
2021-04-05,BNB,13,0.022262458942054666,0.0,0.0,mark,380.0,0.0,1.3701965108057055
2021-04-05,BNB,13,-0.03172742218719281,0.0,0.0,mark,335.8442,0.0,1.3274061116041138
2021-04-05,BNB,13,0.02322290782172625,0.0,0.0,mark,368.0263,0.0,1.3585930656655405
2021-04-06,BNB,13,8.865863968007333e-05,0.0,0.0,mark,368.1506,0.0,1.3587135220182904
2021-04-06,BNB,13,-2.378111137115826e-05,2.378082860271819e-05,0.01640057145015047,resize,368.1506,-6.0528702650889527e-05,1.358681210684903
2021-04-06,BNB,13,-8.088441728279449e-05,8.088114622651718e-05,0.0,funding,368.1506,0.0,1.3585713189912265
2021-04-06,BNB,13,0.028743502235780868,0.0,0.0,mark,411.755,0.0,1.398188051010945
2021-04-06,BNB,13,-0.031634886570315414,0.0,0.0,mark,363.8333,0.0,1.35464884059114
2021-04-06,BNB,13,0.02616798011471577,0.0,0.0,mark,403.3648,0.0,1.3905651435751853
2021-04-07,BNB,13,-6.801778627048214e-05,0.0,0.0,mark,403.2607,0.0,1.3904705636290502
2021-04-07,BNB,13,-2.9511921732104016e-05,2.951148625957251e-05,0.020352749144532764,resize,403.2607,-7.017767556917682e-05,1.3904295287761173
2021-04-07,BNB,13,-7.988802372330655e-05,7.988483276009364e-05,0.0,funding,403.2607,0.0,1.3903184545457463
2021-04-07,BNB,13,0.006682812964756444,0.0,0.0,mark,414.3803,0.0,1.3996408078159157
2021-04-07,BNB,13,-0.0355952961639182,0.0,0.0,mark,356.0,0.0,1.3506964410564581
2021-04-07,BNB,13,0.01206389448100891,0.0,0.0,mark,375.5538,0.0,1.3670897853650876
2021-04-08,BNB,13,0.0,0.0,0.0,mark,375.5538,0.0,1.3670897853650876
2021-04-08,BNB,13,-7.566916936472106e-05,7.566630652522602e-05,0.0,funding,375.5538,0.0,1.3669863427303406
2021-04-08,BNB,13,0.02846421725928712,0.0,0.0,mark,422.6323,0.0,1.4064556049726573
2021-04-08,BNB,13,-0.030781367329072783,0.0,0.0,mark,371.78,0.0,1.3638224971989397
2021-04-08,BNB,13,0.028437487050330744,0.0,0.0,mark,418.7048,0.0,1.4031629017757266
2021-04-09,BNB,13,-5.974867945706355e-08,0.0,0.0,mark,418.7047,0.0,1.4031628179385986
2021-04-09,BNB,13,-3.9871088229197e-05,3.987029338783668e-05,0.027496754060577017,resize,418.7047,-9.214709773213401e-05,1.4031068734253764
2021-04-09,BNB,13,-7.316330411147129e-05,7.316062774224985e-05,0.0,funding,418.7047,0.0,1.4030042212457272
2021-04-09,BNB,13,0.018595398735603418,0.0,0.0,mark,453.9937,0.0,1.4293377263664322
2021-04-09,BNB,13,-0.0268815296506098,0.0,0.0,mark,403.19,0.0,1.3914267769459114
2021-04-09,BNB,13,0.026881529650609744,0.0,0.0,mark,453.9937,0.0,1.4293377263664322
2021-04-10,BNB,13,-2.0361019055903048e-06,0.0,0.0,mark,453.9898,0.0,1.4293348160921266
2021-04-10,BNB,13,-3.934242902375108e-05,3.9341655120582316e-05,0.02713217594522918,resize,453.9898,-8.542254410749618e-05,1.4292785836947401
2021-04-10,BNB,13,-6.8961439027091e-05,6.895906124171427e-05,0.0,funding,453.9898,0.0,1.4291800219853557
2021-04-10,BNB,13,0.015332401789138882,0.0,0.0,mark,487.4062,0.0,1.4512616338019444
2021-04-10,BNB,13,-0.017178845990050953,0.0,0.0,mark,450.0,0.0,1.4265435556147763
2021-04-10,BNB,13,0.009817054691775575,0.0,0.0,mark,471.2975,0.0,1.4406169784749228
2021-04-11,BNB,13,-4.5869350592871054e-08,0.0,0.0,mark,471.2974,0.0,1.440616912394759
2021-04-11,BNB,13,-1.4662155820329883e-05,1.4662048331359483e-05,0.010111757469903091,resize,471.2974,-3.090865518285573e-05,1.4405957899999624
2021-04-11,BNB,13,-6.77057254037824e-05,6.77034334228693e-05,0.0,funding,471.2974,0.0,1.440498256718805
2021-04-11,BNB,13,0.02500879042040138,0.0,0.0,mark,529.211,0.0,1.4769776269000712
2021-04-11,BNB,13,-0.03083311623341968,0.0,0.0,mark,458.0165,0.0,1.4321327110189972
2021-04-11,BNB,13,0.029431806533209714,0.0,0.0,mark,525.9275,0.0,1.4749093732948697
2021-04-12,BNB,13,0.0,0.0,0.0,mark,525.9275,0.0,1.4749093732948697
2021-04-12,BNB,13,-2.5366146732202785e-05,2.536582501427242e-05,0.01749367242363615,resize,525.9275,-4.905919814227424e-05,1.4748719610017949
2021-04-12,BNB,13,-6.805017206943586e-05,6.804785670901136e-05,0.0,funding,525.9275,0.0,1.4747715991259285
2021-04-12,BNB,13,0.043406941079173963,0.0,0.0,mark,638.5673,0.0,1.5401966003318888
2021-04-12,BNB,13,-0.047680433540828536,0.0,0.0,mark,515.1,0.0,1.4684826213351516
2021-04-12,BNB,13,0.0317695907976589,0.0,0.0,mark,596.7104,0.0,1.5158846987395762
2021-04-13,BNB,13,2.9656522198334455e-05,0.0,0.0,mark,596.7878,0.0,1.5159296552744186
2021-04-13,BNB,13,-3.38745663215641e-05,3.387399258497558e-05,0.023361374196534883,resize,596.7878,-5.9341360417370834e-05,1.5158783046845166
2021-04-13,BNB,13,-6.74542426684825e-05,6.745196768227826e-05,0.0,funding,596.7878,0.0,1.5157760557100988
2021-04-13,BNB,13,-0.023165428988832542,0.0,0.0,mark,530.2288,0.0,1.4810660415225692
2021-04-13,BNB,13,0.025227320113802902,0.0,0.0,mark,602.7871,0.0,1.5189046452038597
2021-04-13,BNB,13,-0.017715114037987846,0.0,0.0,mark,551.6442,0.0,1.4922340103597154
2021-04-14,BNB,13,-8.688224996672217e-05,0.0,0.0,mark,551.3956,0.0,1.4921043673433385
2021-04-14,BNB,13,-6.331649531647721e-05,6.331449086951631e-05,0.0,funding,551.3956,0.0,1.492009895514996
2021-04-14,BNB,13,-0.010634427695388622,0.0,0.0,mark,521.1313,0.0,1.4762272923752908
2021-04-14,BNB,13,0.02422249199466871,0.0,0.0,mark,590.5369,0.0,1.512421786894349
2021-04-14,BNB,13,-0.014069613804395533,0.0,0.0,mark,550.0182,0.0,1.4912915918514509
2021-04-15,BNB,13,0.0,0.0,0.0,mark,550.0182,0.0,1.4912915918514509
2021-04-15,BNB,13,-0.00027892732584875883,0.0002788884292386943,0.19233684775082366,rotation,550.0182,-0.0005214924230762109,1.4908756878818625
2021-04-15,XRP,14,-0.00013367155909302028,0.00013366262544817873,0.09218112099874394,entry,1.83396,0.07493652652114745,1.4906764135232033
2021-04-15,XRP,14,-3.0289885860534055e-05,3.0289427126568727e-05,0.0,funding,1.83396,0.0,1.4906312617886066
2021-04-15,XRP,14,0.0025625799468718827,0.0,0.0,mark,1.885,0.0,1.494456022102246
2021-04-15,XRP,14,-0.011730291991022062,0.0,0.0,mark,1.65243,0.0,1.4770280341292228
2021-04-15,XRP,14,0.005332177922145142,0.0,0.0,mark,1.75781,0.0,1.4849248452940214
2021-04-16,XRP,14,0.0,0.0,0.0,mark,1.75781,0.0,1.4849248452940214
2021-04-16,XRP,14,-2.9144617894136458e-05,2.9144193193944692e-05,0.0,funding,1.75781,0.0,1.4848815683574517
2021-04-16,XRP,14,0.002651012034621089,0.0,0.0,mark,1.81041,0.0,1.488823229652464
2021-04-16,XRP,14,-0.019846034407077984,0.0,0.0,mark,1.42,0.0,1.4595672603333427
2021-04-16,XRP,14,0.00655277617826744,0.0,0.0,mark,1.54805,0.0,1.4691628825543757
2021-04-17,XRP,14,0.0,0.0,0.0,mark,1.54805,0.0,1.4691628825543757
2021-04-17,XRP,14,-0.00011449893835821661,0.00011449238360493002,0.07896026455512416,rotation,1.54805,-0.07493652652114745,1.468994674594048
2021-04-17,DOGE,15,-0.00012687095442595476,0.0001268629066467581,0.08749165975638488,entry,0.3653855,0.35175118403309324,1.4688083136597805
2021-04-17,DOGE,15,-2.8748753483144388e-05,2.8748340241785822e-05,0.0,funding,0.3653855,0.0,1.4687660878586295
2021-04-17,DOGE,15,0.0037921508505167276,0.0,0.0,mark,0.38125,0.0,1.4743464445177226
2021-04-17,DOGE,15,-0.018372340724204184,0.0,0.0,mark,0.30494639186031014,0.0,1.4475065600085895
2021-04-17,DOGE,15,-0.00010745580011892892,0.00010745002695126195,0.07410346686293927,stop,0.30494639186031014,-0.35175118403309324,1.4473510253897044
2021-04-21,DOGE,16,-7.15200600458258e-05,7.151750254726402e-05,0.04932241554983725,entry,0.3173205,0.22496765484976244,1.4472475144590593
2021-04-21,DOGE,16,-1.6205780008920685e-05,1.6205648695887308e-05,0.0,funding,0.3173205,0.0,1.447224060874264
2021-04-21,DOGE,16,0.004705273825505607,0.0,0.0,mark,0.347661,0.0,1.4540496920062331
2021-04-21,DOGE,16,-0.008024189745885693,0.0,0.0,mark,0.2960052,0.0,1.4424288078208447
2021-04-21,DOGE,16,0.0015303839341455538,0.0,0.0,mark,0.3058251,0.0,1.4446379676947039
2021-04-22,DOGE,16,-2.7563535416328928e-06,0.0,0.0,mark,0.3058074,0.0,1.444633985767213
2021-04-22,DOGE,16,-1.5646048160859848e-05,1.564592576219049e-05,0.0,funding,0.3058074,0.0,1.4446113831311183
2021-04-22,DOGE,16,0.0005591282144201687,0.0,0.0,mark,0.3093988,0.0,1.4454193319667457
2021-04-22,DOGE,16,-0.008816763977911146,0.0,0.0,mark,0.253,0.0,1.4327314261944049
2021-04-22,DOGE,16,0.0012022865830817952,0.0,0.0,mark,0.2606615,0.0,1.4344550158820364
2021-04-23,DOGE,16,1.5683144659860426e-08,0.0,0.0,mark,0.2606616,0.0,1.434455038378802
2021-04-23,DOGE,16,-1.3430869690063831e-05,1.3430779496360781e-05,0.0,funding,0.2606616,0.0,1.434435772529484
2021-04-23,DOGE,16,0.0013851978211305753,0.0,0.0,mark,0.2695,0.0,1.436424126650108
2021-04-23,DOGE,16,-0.01734163352508595,0.0,0.0,mark,0.1597278,0.0,1.411728932248409
2021-04-23,DOGE,16,0.014253954935989443,0.0,0.0,mark,0.2498155,0.0,1.431995750848218
2021-04-24,DOGE,16,2.8937545680383808e-05,0.0,0.0,mark,0.2499997,0.0,1.4320371898902413
2021-04-24,DOGE,16,-1.2903249508023481e-05,1.2903166261557375e-05,0.0,funding,0.2499997,0.0,1.4320187120762875
2021-04-24,DOGE,16,0.006262754687386169,0.0,0.0,mark,0.28999,0.0,1.441015236084026
2021-04-24,DOGE,16,-0.00975638466131149,0.0,0.0,mark,0.2278,0.0,1.4270244976289193
2021-04-24,DOGE,16,0.0066307165939274585,0.0,0.0,mark,0.27,0.0,1.4365181326635792
2021-04-25,DOGE,16,1.2559738860886019e-05,0.0,0.0,mark,0.2700802,0.0,1.436536175069498
2021-04-25,DOGE,16,-1.3896015812332101e-05,1.3895919263110577e-05,0.0,funding,0.2700802,0.0,1.4365162130787907
2021-04-25,DOGE,16,0.003004798625369313,0.0,0.0,mark,0.289296,0.0,1.4408391465408528
2021-04-25,DOGE,16,-0.010247418133971972,0.0,0.0,mark,0.224,0.0,1.4261496585497826
2021-04-25,DOGE,16,0.004342734962070372,0.0,0.0,mark,0.25159,0.0,1.4323565161470875
2021-04-26,DOGE,16,0.0,0.0,0.0,mark,0.25159,0.0,1.4323565161470875
2021-04-26,DOGE,16,-1.2982435351941877e-05,1.2982351080497736e-05,0.0,funding,0.25159,0.0,1.4323379207919225
2021-04-26,DOGE,16,-0.0007211803244721382,0.0,0.0,mark,0.247,0.0,1.431305319256162
2021-04-26,DOGE,16,0.005293815629993407,0.0,0.0,mark,0.28077,0.0,1.4389024769604384
2021-04-26,DOGE,16,-0.0014331622646866012,0.0,0.0,mark,0.27161,0.0,1.4368417732420145
2021-04-27,DOGE,16,0.0,0.0,0.0,mark,0.27161,0.0,1.4368417732420145
2021-04-27,DOGE,16,-1.397175450926179e-05,1.3971656904738529e-05,0.0,funding,0.27161,0.0,1.4368216981817323
2021-04-27,DOGE,16,-0.001129529867330631,0.0,0.0,mark,0.2644,0.0,1.4351996813902654
2021-04-27,DOGE,16,0.0024329341487565564,0.0,0.0,mark,0.27994,0.0,1.4386956787466307
2021-04-27,DOGE,16,-0.0011922435454608902,0.0,0.0,mark,0.27232,0.0,1.4369814252166755
2021-04-28,DOGE,16,-7.827816400633935e-06,0.0,0.0,mark,0.27227,0.0,1.436970176833933
2021-04-28,DOGE,16,-1.4004453958620466e-05,1.4004355896827532e-05,0.0,funding,0.27227,0.0,1.4369500529921635
2021-04-28,DOGE,16,0.01178648879837103,0.0,0.0,mark,0.348,0.0,1.453986853493936
2021-04-28,DOGE,16,-0.01447665878996943,0.0,0.0,mark,0.25511,0.0,1.4330896080349416
2021-04-28,DOGE,16,0.010618126863485945,0.0,0.0,mark,0.32311,0.0,1.4483874085647255
2021-04-29,DOGE,16,1.5532164005786755e-05,0.0,0.0,mark,0.32321,0.0,1.4484099053302104
2021-04-29,DOGE,16,-1.649331627386198e-05,1.6493180259879603e-05,0.0,funding,0.32321,0.0,1.4483860164445517
2021-04-29,DOGE,16,-0.004313289079238975,0.0,0.0,mark,0.2955,0.0,1.4421521627286646
2021-04-29,DOGE,16,0.004752756576780216,0.0,0.0,mark,0.32604,0.0,1.4490226749077764
2021-04-29,DOGE,16,-0.0033046177019810247,0.0,0.0,mark,0.30479,0.0,1.4442421122422189
2021-04-30,DOGE,16,0.0,0.0,0.0,mark,0.30479,0.0,1.4442421122422189
2021-04-30,DOGE,16,-1.559822566898982e-05,1.559810401731963e-05,0.0,funding,0.30479,0.0,1.444219584803526
2021-04-30,DOGE,16,0.005469713784184228,0.0,0.0,mark,0.34,0.0,1.452140695930786
2021-04-30,DOGE,16,-0.005884150743213647,0.0,0.0,mark,0.30213,0.0,1.4436211708416256
2021-04-30,DOGE,16,0.005490572971461236,0.0,0.0,mark,0.33746,0.0,1.4515692780874676
2021-05-01,DOGE,16,0.0,0.0,0.0,mark,0.33746,0.0,1.4515692780874676
2021-05-01,DOGE,16,-1.718301495181687e-05,1.7182867324751227e-05,0.0,funding,0.33746,0.0,1.4515443359651496
2021-05-01,DOGE,16,0.009262274111107622,0.0,0.0,mark,0.3975,0.0,1.4650513939623293
2021-05-01,DOGE,16,-0.01079780431594868,0.0,0.0,mark,0.32756,0.0,1.449317156182137
2021-05-01,DOGE,16,0.009779208434091238,0.0,0.0,mark,0.39087,0.0,1.4635598584106755
2021-05-02,DOGE,16,-1.5371276170711999e-06,0.0,0.0,mark,0.39086,0.0,1.4635576087341269
2021-05-02,DOGE,16,-1.9683060086592153e-05,1.968286637652182e-05,0.013574390604497805,resize,0.39086,-0.05082869225078496,1.4635288017252799
2021-05-02,DOGE,16,-1.5279538824676203e-05,1.52794220930098e-05,0.0,funding,0.39086,0.0,1.463506439850973
2021-05-02,DOGE,16,0.001085766155696367,0.0,0.0,mark,0.39999,0.0,1.4650963285795016
2021-05-02,DOGE,16,-0.004525654849221696,0.0,0.0,mark,0.362,0.0,1.4584807893903664
2021-05-02,DOGE,16,0.0014281677786374002,0.0,0.0,mark,0.37397,0.0,1.4605652327726761
2021-05-03,DOGE,16,7.391807234140165e-05,0.0,0.0,mark,0.37459,0.0,1.4606731989294874
2021-05-03,DOGE,16,-1.4672133805121721e-05,1.4672026169920251e-05,0.0,funding,0.37459,0.0,1.4606517678940871
2021-05-03,DOGE,16,0.008702048263333428,0.0,0.0,mark,0.4479,0.0,1.4734178952422181
2021-05-03,DOGE,16,-0.008789082680120457,0.0,0.0,mark,0.37386,0.0,1.46052464645139
2021-05-03,DOGE,16,0.008022936969703026,0.0,0.0,mark,0.44142,0.0,1.4722894747645767
2021-05-04,DOGE,16,0.0,0.0,0.0,mark,0.44142,0.0,1.4722894747645767
2021-05-04,DOGE,16,-1.7153371686650313e-05,1.7153224568372856e-05,0.0,funding,0.44142,0.0,1.4722642202525864
2021-05-04,DOGE,16,0.01995907699589066,0.0,0.0,mark,0.61186,0.0,1.501944465037956
2021-05-04,DOGE,16,-0.025119903498078244,0.0,0.0,mark,0.3979,0.0,1.464685692600279
2021-05-04,DOGE,16,0.016582672122983342,0.0,0.0,mark,0.53854,0.0,1.489176596300199
2021-05-05,DOGE,16,0.0,0.0,0.0,mark,0.53854,0.0,1.489176596300199
2021-05-05,DOGE,16,-2.2789732115367074e-05,2.2789472431375936e-05,0.015716877538879955,resize,0.53854,-0.04346047869762004,1.4891426587512122
2021-05-05,DOGE,16,-1.5526735022911493e-05,1.5526614483788915e-05,0.0,funding,0.53854,0.0,1.4891195374072383
2021-05-05,DOGE,16,0.013777919807895972,0.0,0.0,mark,0.69663,0.0,1.5097784989272038
2021-05-05,DOGE,16,-0.015698098198660203,0.0,0.0,mark,0.51668,0.0,1.4862629057491545
2021-05-05,DOGE,16,0.012001445466474964,0.0,0.0,mark,0.654,0.0,1.504207675158489
2021-05-06,DOGE,16,0.0,0.0,0.0,mark,0.654,0.0,1.504207675158489
2021-05-06,DOGE,16,-1.8666767151498485e-05,1.866659292844679e-05,0.0,funding,0.654,0.0,1.5041795967261369
2021-05-06,DOGE,16,0.000955189732816483,0.0,0.0,mark,0.665,0.0,1.5056170600490517
2021-05-06,DOGE,16,-0.01090852865493864,0.0,0.0,mark,0.54,0.0,1.489282249561382
2021-05-06,DOGE,16,0.003596373942222792,0.0,0.0,mark,0.58106,0.0,1.4946479081103716
2021-05-07,DOGE,16,-6.120185105538319e-06,0.0,0.0,mark,0.58099,0.0,1.4946387606164986
2021-05-07,DOGE,16,-1.6689032076596258e-05,1.668889281542493e-05,0.0,funding,0.58099,0.0,1.4946138167504248
2021-05-07,DOGE,16,0.013203135327609219,0.0,0.0,mark,0.733,0.0,1.51447825308827
2021-05-07,DOGE,16,-0.018798731909044075,0.0,0.0,mark,0.51717,0.0,1.4862739159078402
2021-05-07,DOGE,16,0.015065938131829156,0.0,0.0,mark,0.68982,0.0,1.5088355561534095
2021-05-08,DOGE,16,0.0,0.0,0.0,mark,0.68982,0.0,1.5088355561534095
2021-05-08,DOGE,16,-1.9628777085783673e-05,1.9628584442610405e-05,0.0,funding,0.68982,0.0,1.5088059398472855
2021-05-08,DOGE,16,-0.007809774968367756,0.0,0.0,mark,0.6,0.0,1.4970683984232656
2021-05-08,DOGE,16,0.012142162537973027,0.0,0.0,mark,0.73995,0.0,1.5153568522452605
2021-05-08,DOGE,16,-0.008910691441424678,0.0,0.0,mark,0.63708,0.0,1.5019139566063278
2021-05-09,DOGE,16,0.0,0.0,0.0,mark,0.63708,0.0,1.5019139566063278
2021-05-09,DOGE,16,-1.8211594916844356e-05,1.8211429086680177e-05,0.0,funding,0.63708,0.0,1.5018866046068127
2021-05-09,DOGE,16,0.005467497964373906,0.0,0.0,mark,0.70009,0.0,1.5101206558774372
2021-05-09,DOGE,16,-0.02489099082481589,0.0,0.0,mark,0.416,0.0,1.4729962053859005
2021-05-09,DOGE,16,0.013624928759587119,0.0,0.0,mark,0.57063,0.0,1.4932030193515673
2021-05-10,DOGE,16,1.662781630813679e-05,0.0,0.0,mark,0.57082,0.0,1.4932278482635086
2021-05-10,DOGE,16,-1.6412387909073645e-05,1.641225322653817e-05,0.0,funding,0.57082,0.0,1.493203341029938
2021-05-10,DOGE,16,0.00015576551384155683,0.0,0.0,mark,0.5726,0.0,1.4934359487312823
2021-05-10,DOGE,16,-0.013581100048388766,0.0,0.0,mark,0.41844,0.0,1.473290553653049
2021-05-10,DOGE,16,0.0028608614721781387,0.0,0.0,mark,0.45074,0.0,1.4775114686830628
2021-05-11,DOGE,16,-2.1227022376584305e-05,0.0,0.0,mark,0.4505,0.0,1.4774801058469265
2021-05-11,DOGE,16,-1.3090948213076312e-05,1.3090862526967113e-05,0.0,funding,0.4505,0.0,1.4774607643579745
2021-05-11,DOGE,16,0.008630555649225602,0.0,0.0,mark,0.5485,0.0,1.4902672557803074
2021-05-11,DOGE,16,-0.009302986656291784,0.0,0.0,mark,0.4429,0.0,1.476467607880324
2021-05-11,DOGE,16,0.004447334555116704,0.0,0.0,mark,0.49326,0.0,1.4830485763295964
2021-05-12,DOGE,16,2.3790704844266317e-05,0.0,0.0,mark,0.49353,0.0,1.4830838595202498
2021-05-12,DOGE,16,-1.4287164979338929e-05,1.4287062918184335e-05,0.0,funding,0.49353,0.0,1.4830626706078358
2021-05-12,DOGE,16,0.002505462361658875,0.0,0.0,mark,0.522,0.0,1.4867830870445073
2021-05-12,DOGE,16,-0.012378746680096205,0.0,0.0,mark,0.38203,0.0,1.4684920196528344
2021-05-12,DOGE,16,0.0008512547995082006,0.0,0.0,mark,0.3916,0.0,1.4697426127437703
2021-05-13,DOGE,16,-1.6004377315667576e-05,0.0,0.0,mark,0.39142,0.0,1.469719090616668
2021-05-13,DOGE,16,-1.1434212754942882e-05,1.1434147384600539e-05,0.0,funding,0.39142,0.0,1.469702285631972
2021-05-13,DOGE,16,0.011367823165765827,0.0,0.0,mark,0.52,0.0,1.4865049250920084
2021-05-13,DOGE,16,-0.014914698629126156,0.0,0.0,mark,0.3516,0.0,1.4644986684030197
2021-05-13,DOGE,16,0.012225438680681785,0.0,0.0,mark,0.48945,0.0,1.4825126974088219
2021-05-14,DOGE,16,-1.5866517535478967e-05,0.0,0.0,mark,0.48927,0.0,1.4824891752817195
2021-05-14,DOGE,16,-1.4169523377595497e-05,1.4169422990346128e-05,0.0,funding,0.48927,0.0,1.4824681692655164
2021-05-14,DOGE,16,0.008840086801909832,0.0,0.0,mark,0.59,0.0,1.4956314129489001
2021-05-14,DOGE,16,-0.011059501972007755,0.0,0.0,mark,0.46412,0.0,1.4791816053953972
2021-05-14,DOGE,16,0.008409451737766664,0.0,0.0,mark,0.55971,0.0,1.491673161671528
2021-05-15,DOGE,16,1.6644869628958063e-05,0.0,0.0,mark,0.5599,0.0,1.4916979905834693
2021-05-15,DOGE,16,-1.6114920628086184e-05,1.6114790783506445e-05,0.0,funding,0.5599,0.0,1.491673952182439
2021-05-15,DOGE,16,-0.006134500809843323,0.0,0.0,mark,0.49009,0.0,1.4825512872212852
2021-05-15,DOGE,16,0.006497996564823498,0.0,0.0,mark,0.56405,0.0,1.4922162678906294
2021-05-15,DOGE,16,-0.004872174672708788,0.0,0.0,mark,0.50855,0.0,1.484963612034104
2021-05-16,DOGE,16,-1.4960304924523298e-05,0.0,0.0,mark,0.50838,0.0,1.4849413966918408
2021-05-16,DOGE,16,-1.4698649796785995e-05,1.4698541772175926e-05,0.0,funding,0.50838,0.0,1.4849195702186924
2021-05-16,DOGE,16,0.003559568977171699,0.0,0.0,mark,0.5489,0.0,1.4902146623863755
2021-05-16,DOGE,16,-0.008710470784634874,0.0,0.0,mark,0.45,0.0,1.4772905603285311
2021-05-16,DOGE,16,0.0056189721713387104,0.0,0.0,mark,0.5137,0.0,1.4856147797530477
2021-05-17,DOGE,16,8.796252447963703e-07,0.0,0.0,mark,0.51371,0.0,1.4856160865378867
2021-05-17,DOGE,16,-1.4846010349241497e-05,1.4845900147888969e-05,0.0,funding,0.51371,0.0,1.485594031229808
2021-05-17,DOGE,16,0.0002190058577783738,0.0,0.0,mark,0.5162,0.0,1.4859194206547224
2021-05-17,DOGE,16,-0.005348111383936216,0.0,0.0,mark,0.45555,0.0,1.477993770606105
2021-05-17,DOGE,16,0.0028209127172985726,0.0,0.0,mark,0.4875,0.0,1.4821689481667535
2021-05-18,DOGE,16,-4.40836289620336e-06,0.0,0.0,mark,0.48745,0.0,1.4821624142425585
2021-05-18,DOGE,16,-1.411992707134017e-05,1.4119827385565368e-05,0.0,funding,0.48745,0.0,1.482141486365112
2021-05-18,DOGE,16,-0.0017313677914196327,0.0,0.0,mark,0.46783,0.0,1.4795775745109672
2021-05-18,DOGE,16,0.0041891333482529935,0.0,0.0,mark,0.51536,0.0,1.4857887228507987
2021-05-18,DOGE,16,-0.0034907543501667957,0.0,0.0,mark,0.47574,0.0,1.480611241318627
2021-05-19,DOGE,16,0.0,0.0,0.0,mark,0.47574,0.0,1.480611241318627
2021-05-19,DOGE,16,-1.379515962618673e-05,1.3795064473294404e-05,0.0,funding,0.47574,0.0,1.480590816191093
2021-05-19,DOGE,16,0.000322983238360467,0.0,0.0,mark,0.4794,0.0,1.481069099442172
2021-05-19,DOGE,16,-0.023956588518208925,0.0,0.0,mark,0.21111,0.0,1.4460093689962767
2021-05-19,DOGE,16,0.010637817243760977,0.0,0.0,mark,0.32945,0.0,1.4614738607811635
2021-05-20,DOGE,16,2.414190612649124e-05,0.0,0.0,mark,0.32972,0.0,1.4615091439718169
2021-05-20,DOGE,16,-9.685921975058097e-06,9.68587506662007e-06,0.0,funding,0.32972,0.0,1.4614949879768395
2021-05-20,DOGE,16,0.00936950146050327,0.0,0.0,mark,0.435,0.0,1.4752528187619744
2021-05-20,DOGE,16,-0.012566695907605126,0.0,0.0,mark,0.29402,0.0,1.456829766101561
2021-05-20,DOGE,16,0.009246511645320211,0.0,0.0,mark,0.39758,0.0,1.4703628298943856
2021-05-21,DOGE,16,-9.776296844792888e-06,0.0,0.0,mark,0.39747,0.0,1.4703484552611565
2021-05-21,DOGE,16,-1.1605977227791184e-05,1.1605909878681627e-05,0.0,funding,0.39747,0.0,1.4703313905294946
2021-05-21,DOGE,16,0.0012887728753313754,0.0,0.0,mark,0.41198,0.0,1.4722275353309033
2021-05-21,DOGE,16,-0.008773484800544885,0.0,0.0,mark,0.31357,0.0,1.4593674657301707
2021-05-21,DOGE,16,0.003950951707287047,0.0,0.0,mark,0.35778,0.0,1.4651447615034496
2021-05-22,DOGE,16,0.0,0.0,0.0,mark,0.35778,0.0,1.4651447615034496
2021-05-22,DOGE,16,-1.0484142334900403e-05,1.0484087376373054e-05,0.0,funding,0.35778,0.0,1.465129400797751
2021-05-22,DOGE,16,0.0005546232201673081,0.0,0.0,mark,0.364,0.0,1.4659422209676174
2021-05-22,DOGE,16,-0.004223587729729733,0.0,0.0,mark,0.31672,0.0,1.4597637422487613
2021-05-22,DOGE,16,0.002259623035588853,0.0,0.0,mark,0.34199,0.0,1.4630659875369485
2021-05-23,DOGE,16,0.0,0.0,0.0,mark,0.34199,0.0,1.4630659875369485
2021-05-23,DOGE,16,-1.0035679446673547e-05,1.0035629089378044e-05,0.0,funding,0.34199,0.0,1.4630513047493643
2021-05-23,DOGE,16,0.0007990869454311638,0.0,0.0,mark,0.35094,0.0,1.4642208771802814
2021-05-23,DOGE,16,-0.009245843953472837,0.0,0.0,mark,0.24782,0.0,1.4507453119203735
2021-05-23,DOGE,16,0.005256553192575288,0.0,0.0,mark,0.30633,0.0,1.4583913100134418
2021-05-24,DOGE,16,-8.960494242925838e-06,0.0,0.0,mark,0.30623,0.0,1.4583782421650517
2021-05-24,DOGE,16,-9.015184606325253e-06,9.015143969587643e-06,0.0,funding,0.30623,0.0,1.4583650946752365
2021-05-24,DOGE,16,0.006143306245277046,0.0,0.0,mark,0.375,0.0,1.4673518540131327
2021-05-24,DOGE,16,-0.007140223408961326,0.0,0.0,mark,0.29511,0.0,1.4569119499342533
2021-05-24,DOGE,16,0.006328581557325872,0.0,0.0,mark,0.36589,0.0,1.4661613730247913
2021-05-25,DOGE,16,0.0,0.0,0.0,mark,0.36589,0.0,1.4661613730247913
2021-05-25,DOGE,16,-4.7288019396362505e-05,4.728690133558431e-05,0.03261165609350642,rotation,0.36589,-0.13067848390135745,1.466092042796603
2021-05-25,ADA,17,-0.00014836529435035772,0.00014835428876442617,0.10231330259615597,entry,1.5497,0.09679339150059063,1.4658745417543309
2021-05-25,ADA,17,-3.3619779418695733e-05,3.361921428025982e-05,0.0,funding,1.5497,0.0,1.4658252602040036
2021-05-25,ADA,17,0.006594751088037081,0.0,0.0,mark,1.6499,0.0,1.4755239580323627
2021-05-25,ADA,17,-0.014170993420713027,0.0,0.0,mark,1.4354,0.0,1.454761775555486
2021-05-25,ADA,17,0.007807332447550711,0.0,0.0,mark,1.5532,0.0,1.4661640370742557
2021-05-26,ADA,17,-4.6213750961154656e-05,0.0,0.0,mark,1.5525,0.0,1.4660962817002052
2021-05-26,ADA,17,-3.367543060179735e-05,3.3674863590791587e-05,0.0,funding,1.5525,0.0,1.466046911107908
2021-05-26,ADA,17,0.018285337940405006,0.0,0.0,mark,1.832,0.0,1.493100664032323
2021-05-26,ADA,17,-0.0183183501818481,0.0,0.0,mark,1.552,0.0,1.4659985144121577
2021-05-26,ADA,17,0.014883102687036485,0.0,0.0,mark,1.7791,0.0,1.4879802936219417
2021-05-27,ADA,17,-1.9515245542931584e-05,0.0,0.0,mark,1.7788,0.0,1.4879512556044916
2021-05-27,ADA,17,-1.9183380325630926e-05,1.9183196325830514e-05,0.013229790569538283,resize,1.7788,-0.011066608662766445,1.4879227119434322
2021-05-27,ADA,17,-3.367143354585557e-05,3.3670866669433994e-05,0.0,funding,1.7788,0.0,1.4878726122961838
2021-05-27,ADA,17,0.000558728954895666,0.0,0.0,mark,1.7885,0.0,1.4887041620897108
2021-05-27,ADA,17,-0.010465915207767268,0.0,0.0,mark,1.6077,0.0,1.473204759752632
2021-05-27,ADA,17,0.002760244192438489,0.0,0.0,mark,1.6552,0.0,1.4772767819374288
2021-05-28,ADA,17,0.0,0.0,0.0,mark,1.6552,0.0,1.4772767819374288
2021-05-28,ADA,17,-3.155753011588788e-05,3.155703218226049e-05,0.0,funding,1.6552,0.0,1.477230163466479
2021-05-28,ADA,17,0.0013222575323081,0.0,0.0,mark,1.678,0.0,1.4791847341151814
2021-05-28,ADA,17,-0.013301916871420518,0.0,0.0,mark,1.45,0.0,1.4596390276281574
2021-05-28,ADA,17,0.0037108100788589902,0.0,0.0,mark,1.5133,0.0,1.4650655329817917
2021-05-29,ADA,17,0.0,0.0,0.0,mark,1.5133,0.0,1.4650655329817917
2021-05-29,ADA,17,-2.9092553749360594e-05,2.909213056513474e-05,0.0,funding,1.5133,0.0,1.4650229111040196
2021-05-29,ADA,17,0.002868999397904134,0.0,0.0,mark,1.5624,0.0,1.4692320961413567
2021-05-29,ADA,17,-0.01335715048458078,0.0,0.0,mark,1.335,0.0,1.4497378257240354
2021-05-29,ADA,17,0.004007065263909214,0.0,0.0,mark,1.4029,0.0,1.4555586742787237
2021-05-30,ADA,17,3.53370577340033e-05,0.0,0.0,mark,1.4035,0.0,1.4556101103484262
2021-05-30,ADA,17,-2.7156937813785676e-05,2.7156569067512692e-05,0.0,funding,1.4035,0.0,1.4555705809719293
2021-05-30,ADA,17,-0.003409976227957852,0.0,0.0,mark,1.3457,0.0,1.450615572923903
2021-05-30,ADA,17,0.02072181950954232,0.0,0.0,mark,1.7,0.0,1.480988572083344
2021-05-30,ADA,17,-0.007256077980311655,0.0,0.0,mark,1.5751,0.0,1.4702812969068997
2021-05-31,ADA,17,0.0,0.0,0.0,mark,1.5751,0.0,1.4702812969068997
2021-05-31,ADA,17,-3.0173229637940737e-05,3.0172774430712377e-05,0.0,funding,1.5751,0.0,1.4702369344409785
2021-05-31,ADA,17,0.010146444199756292,0.0,0.0,mark,1.75,0.0,1.4852305487593138
2021-05-31,ADA,17,-0.013077805133683403,0.0,0.0,mark,1.5249,0.0,1.4659334499425196
2021-05-31,ADA,17,0.01234449852465766,0.0,0.0,mark,1.7373,0.0,1.4841418186172735
2021-06-01,ADA,17,1.7328406020962976e-05,0.0,0.0,mark,1.7376,0.0,1.4841675366521248
2021-06-01,ADA,17,-3.297475576352672e-05,3.297421210218765e-05,0.0,funding,1.7376,0.0,1.484118597396976
2021-06-01,ADA,17,0.0024230977465767747,0.0,0.0,mark,1.7796,0.0,1.4877191222761645
2021-06-01,ADA,17,-0.0073160015208677525,0.0,0.0,mark,1.6531,0.0,1.4768746842471798
2021-06-01,ADA,17,0.004817809369855789,0.0,0.0,mark,1.7363,0.0,1.4840071525792868
2021-06-02,ADA,17,-5.776726230630631e-06,0.0,0.0,mark,1.7362,0.0,1.4839985799010031
2021-06-02,ADA,17,-3.2951938558458454e-05,3.2951395649254804e-05,0.0,funding,1.7362,0.0,1.4839496800766538
2021-06-02,ADA,17,0.003920618945873231,0.0,0.0,mark,1.8042,0.0,1.489779101309626
2021-06-02,ADA,17,-0.005013055826599469,0.0,0.0,mark,1.7173,0.0,1.482329443881019
2021-06-02,ADA,17,0.0020855760778223324,0.0,0.0,mark,1.7534,0.0,1.4854241807414645
2021-06-03,ADA,17,0.0,0.0,0.0,mark,1.7534,0.0,1.4854241807414645
2021-06-03,ADA,17,-3.324645004194373e-05,3.3245897384875594e-05,0.0,funding,1.7534,0.0,1.4853747964815787
2021-06-03,ADA,17,0.007835626661052782,0.0,0.0,mark,1.8897,0.0,1.497059356982374
2021-06-03,ADA,17,-0.01014685176459948,0.0,0.0,mark,1.7134,0.0,1.4819457251680657
2021-06-03,ADA,17,0.007601116973415506,0.0,0.0,mark,1.8453,0.0,1.4932530878243746
2021-06-04,ADA,17,5.740924794339622e-06,0.0,0.0,mark,1.8454,0.0,1.4932616605026583
2021-06-04,ADA,17,-3.480724956046479e-05,3.4806643795181775e-05,0.0,funding,1.8454,0.0,1.4932096850759482
2021-06-04,ADA,17,0.00014925767226513063,0.0,0.0,mark,1.848,0.0,1.4934325747113266
2021-06-04,ADA,17,-0.013872381207223148,0.0,0.0,mark,1.608,0.0,1.4728581468302488
2021-06-04,ADA,17,0.005786203435819976,0.0,0.0,mark,1.7077,0.0,1.4814051070791798
2021-06-05,ADA,17,1.736041781628057e-05,0.0,0.0,mark,1.708,0.0,1.4814308251140311
2021-06-05,ADA,17,-3.2472900955337994e-05,3.247237371628502e-05,0.0,funding,1.708,0.0,1.481382719538643
2021-06-05,ADA,17,0.004290481818141595,0.0,0.0,mark,1.7823,0.0,1.4877522195034933
2021-06-05,ADA,17,-0.009977828911438235,0.0,0.0,mark,1.61,0.0,1.4729814948205362
2021-06-05,ADA,17,0.002621358573158922,0.0,0.0,mark,1.6551,0.0,1.4768477727265221
2021-06-06,ADA,17,2.3218584663210295e-05,0.0,0.0,mark,1.6555,0.0,1.4768820634396573
2021-06-06,ADA,17,-3.157168579002275e-05,3.157118740960733e-05,0.0,funding,1.6555,0.0,1.4768354365192506
2021-06-06,ADA,17,-0.0006038775496900687,0.0,0.0,mark,1.6451,0.0,1.4759438779777372
2021-06-06,ADA,17,0.003629381878009098,0.0,0.0,mark,1.7077,0.0,1.4813103745833849
2021-06-06,ADA,17,-0.0017724611139617445,0.0,0.0,mark,1.6771,0.0,1.4786871350285475
2021-06-07,ADA,17,0.0,0.0,0.0,mark,1.6771,0.0,1.4786871350285475
2021-06-07,ADA,17,-3.1944577492944555e-05,3.194406727044007e-05,0.0,funding,1.6771,0.0,1.4786398997472343
2021-06-07,ADA,17,0.0037209756457170164,0.0,0.0,mark,1.7414,0.0,1.4841521318837063
2021-06-07,ADA,17,-0.011117108698358883,0.0,0.0,mark,1.55,0.0,1.4677440256485468
2021-06-07,ADA,17,0.0009282431388345906,0.0,0.0,mark,1.5659,0.0,1.4691070814956682
2021-06-08,ADA,17,0.0,0.0,0.0,mark,1.5659,0.0,1.4691070814956682
2021-06-08,ADA,17,-3.002096430559011e-05,3.00205136809694e-05,0.0,funding,1.5659,0.0,1.4690629781464293
2021-06-08,ADA,17,-0.009728216797980818,0.0,0.0,mark,1.4,0.0,1.4548409048736342
2021-06-08,ADA,17,0.011518104400364043,0.0,0.0,mark,1.5966,0.0,1.4716947903795503
2021-06-08,ADA,17,-0.0008566474241709382,0.0,0.0,mark,1.5819,0.0,1.4704346066718343
2021-06-09,ADA,17,-5.8300472761210716e-06,0.0,0.0,mark,1.5818,0.0,1.4704260339935507
2021-06-09,ADA,17,-3.0298596702010943e-05,3.0298137704163295e-05,0.0,funding,1.5818,0.0,1.470381482823089
2021-06-09,ADA,17,0.003096887856232531,0.0,0.0,mark,1.635,0.0,1.4749421476700613
2021-06-09,ADA,17,-0.008891412482408313,0.0,0.0,mark,1.4827,0.0,1.4618859586438606
2021-06-09,ADA,17,0.008478660171617853,0.0,0.0,mark,1.6279,0.0,1.4743334875119127
2021-06-10,ADA,17,1.7443686086793263e-05,0.0,0.0,mark,1.6282,0.0,1.474359205546764
2021-06-10,ADA,17,-3.110417925003081e-05,3.110369552006002e-05,0.0,funding,1.6282,0.0,1.4743133475269474
2021-06-10,ADA,17,0.0005580547071994469,0.0,0.0,mark,1.6378,0.0,1.4751363246421905
2021-06-10,ADA,17,-0.007665548272706288,0.0,0.0,mark,1.5064,0.0,1.4638718253773004
2021-06-10,ADA,17,0.001544834290349373,0.0,0.0,mark,1.5328,0.0,1.466135012444219
2021-06-11,ADA,17,0.0,0.0,0.0,mark,1.5328,0.0,1.466135012444219
2021-06-11,ADA,17,-2.944594305629536e-05,2.9445509528697148e-05,0.0,funding,1.5328,0.0,1.4660918413517396
2021-06-11,ADA,17,0.0008533415467231892,0.0,0.0,mark,1.5474,0.0,1.467343452381172
2021-06-11,ADA,17,-0.007518033732396434,0.0,0.0,mark,1.4192,0.0,1.456353278821363
2021-06-11,ADA,17,0.0010531109261782807,0.0,0.0,mark,1.4371,0.0,1.4578877882341599
2021-06-12,ADA,17,-1.7640768996378633e-05,0.0,0.0,mark,1.4368,0.0,1.4578620701993086
2021-06-12,ADA,17,-2.7758337849563454e-05,2.7757952590424614e-05,0.0,funding,1.4368,0.0,1.4578216029330806
2021-06-12,ADA,17,0.003322820141938588,0.0,0.0,mark,1.4934,0.0,1.4626737388417015
2021-06-12,ADA,17,-0.00807374791937862,0.0,0.0,mark,1.3562,0.0,1.450912024236352
2021-06-12,ADA,17,0.007223546805283719,0.0,0.0,mark,1.4789,0.0,1.4614307004905531
2021-06-13,ADA,17,0.0,0.0,0.0,mark,1.4789,0.0,1.4614307004905531
2021-06-13,ADA,17,-2.8501933265238653e-05,2.850152708891134e-05,0.0,funding,1.4789,0.0,1.4613890474838545
2021-06-13,ADA,17,0.005913126654850872,0.0,0.0,mark,1.58,0.0,1.4700560252287584
2021-06-13,ADA,17,-0.010546343182067253,0.0,0.0,mark,1.4001,0.0,1.4546337769962339
2021-06-13,ADA,17,0.00918083288376943,0.0,0.0,mark,1.5566,0.0,1.4680500185103533
2021-06-14,ADA,17,-1.7518653860816857e-05,0.0,0.0,mark,1.5563,0.0,1.468024300475502
2021-06-14,ADA,17,-2.9858920595086024e-05,2.9858474821922745e-05,0.0,funding,1.5563,0.0,1.4679804675088883
2021-06-14,ADA,17,-0.0029651585808348237,0.0,0.0,mark,1.5056,0.0,1.4636341196190106
2021-06-14,ADA,17,0.005222602259813632,0.0,0.0,mark,1.595,0.0,1.471298094004712
2021-06-14,ADA,17,-0.001055172674737771,0.0,0.0,mark,1.5769,0.0,1.4697464392353474
2021-06-15,ADA,17,0.0,0.0,0.0,mark,1.5769,0.0,1.4697464392353474
2021-06-15,ADA,17,-3.0218704761184115e-05,3.0218248180676457e-05,0.0,funding,1.5769,0.0,1.4697020260726839
2021-06-15,ADA,17,0.001981234397033006,0.0,0.0,mark,1.6109,0.0,1.4726167366891698
2021-06-15,ADA,17,-0.0038962700109861836,0.0,0.0,mark,1.5441,0.0,1.466890187595603
2021-06-15,ADA,17,0.0006484867044058687,0.0,0.0,mark,1.5552,0.0,1.4678417548851028
2021-06-16,ADA,17,-1.168072555899474e-05,0.0,0.0,mark,1.555,0.0,1.4678246095285352
2021-06-16,ADA,17,-2.9838037472258492e-05,2.9837592322400183e-05,0.0,funding,1.555,0.0,1.4677808131762353
2021-06-16,ADA,17,-0.004742088588286541,0.0,0.0,mark,1.474,0.0,1.4608369437663715
2021-06-16,ADA,17,0.005932855859694961,0.0,0.0,mark,1.5754,0.0,1.4695296395461268
2021-06-16,ADA,17,-0.005281682907270371,0.0,0.0,mark,1.4851,0.0,1.4617885110558713
2021-06-17,ADA,17,0.0,0.0,0.0,mark,1.4851,0.0,1.4617885110558713
2021-06-17,ADA,17,-2.861441784065963e-05,2.8614008452186675e-05,0.0,funding,1.4851,0.0,1.4617466834270607
2021-06-17,ADA,17,0.003144385036635997,0.0,0.0,mark,1.5388,0.0,1.4663502116654519
2021-06-17,ADA,17,-0.0048054686501889975,0.0,0.0,mark,1.4568,0.0,1.4593206154727503
2021-06-17,ADA,17,0.0015144558343911194,0.0,0.0,mark,1.4826,0.0,1.4615323664699662
2021-06-18,ADA,17,-5.865558383891758e-06,0.0,0.0,mark,1.4825,0.0,1.4615237937916825
2021-06-18,ADA,17,-2.8569494943703596e-05,2.856908683963158e-05,0.0,funding,1.4825,0.0,1.4614820393914996
2021-06-18,ADA,17,0.0005981268893044966,0.0,0.0,mark,1.4927,0.0,1.4623564525764454
2021-06-18,ADA,17,-0.006982796921060777,0.0,0.0,mark,1.374,0.0,1.4521806834535957
2021-06-18,ADA,17,0.0024939891637706124,0.0,0.0,mark,1.4163,0.0,1.4558069263676356
2021-06-19,ADA,17,5.888592015896071e-06,0.0,0.0,mark,1.4164,0.0,1.4558154990459193
2021-06-19,ADA,17,-2.740268238772323e-05,2.7402306937734133e-05,0.0,funding,1.4164,0.0,1.4557756063427698
2021-06-19,ADA,17,0.0014534610162533455,0.0,0.0,mark,1.4411,0.0,1.457893057878864
2021-06-19,ADA,17,-0.0033986345344321055,0.0,0.0,mark,1.3834,0.0,1.4529466225091217
2021-06-19,ADA,17,2.9500573875673177e-05,0.0,0.0,mark,1.3839,0.0,1.4529894859005406
2021-06-20,ADA,17,5.9000103423788625e-06,0.0,0.0,mark,1.384,0.0,1.4529980585788242
2021-06-20,ADA,17,-2.6827761012614812e-05,2.682740115143409e-05,0.0,funding,1.384,0.0,1.4529590784170345
2021-06-20,ADA,17,0.004474091240028105,0.0,0.0,mark,1.46,0.0,1.459474313912709
2021-06-20,ADA,17,-0.00908683154168329,0.0,0.0,mark,1.306,0.0,1.4462723893556841
2021-06-20,ADA,17,0.007105395022401041,0.0,0.0,mark,1.4263,0.0,1.4565853213310744
2021-06-21,ADA,17,-5.885479817314471e-06,0.0,0.0,mark,1.4262,0.0,1.4565767486527907
2021-06-21,ADA,17,-0.00012171889968488706,0.0001217114922401191,0.08393896016559937,rotation,1.4262,-0.08572678283782419,1.4563994665231499
2021-08-01,BTC,18,-0.0005707882270961927,0.0005706253584853437,0.39353472998989214,entry,41461.84,1.3823404142594993e-05,1.4555684080554672
2021-08-01,BTC,18,-0.00012937491283579187,0.00012936654426269333,0.0,funding,41461.84,0.0,1.4553801062005791
2021-08-01,BTC,18,0.01074299185434031,0.0,0.0,mark,42599.0,0.0,1.4710995284553725
2021-08-01,BTC,18,-0.030307730383948087,0.0,0.0,mark,39422.01,0.0,1.4271827117283897
2021-08-01,BTC,18,0.004092870418328009,0.0,0.0,mark,39845.44,0.0,1.4330359557444887
2021-08-02,BTC,18,4.659023830269893e-05,0.0,0.0,mark,39850.27,0.0,1.4331027227864974
2021-08-02,BTC,18,-0.00012629536089000593,0.0001262873859665326,0.0,funding,39850.27,0.0,1.432921739989815
2021-08-02,BTC,18,-0.011256245764056604,0.0,0.0,mark,38690.0,0.0,1.4168828588652864
2021-08-02,BTC,18,0.01731297205768047,0.0,0.0,mark,40480.01,0.0,1.4416268905145728
2021-08-02,BTC,18,-0.012856330423643255,0.0,0.0,mark,39147.82,0.0,1.4232114897498491
2021-08-03,BTC,18,-9.324355474845688e-06,0.0,0.0,mark,39146.86,0.0,1.4231982192818722
2021-08-03,BTC,18,-0.00012492941189362616,0.0001249216085395782,0.0,funding,39146.86,0.0,1.4230204310710488
2021-08-03,BTC,18,0.006131567144705745,0.0,0.0,mark,39780.0,0.0,1.4317725811698914
2021-08-03,BTC,18,-0.020857577406408388,0.0,0.0,mark,37642.03,0.0,1.4022185578151476
2021-08-03,BTC,18,0.0055546459336766945,0.0,0.0,mark,38207.05,0.0,1.4100290576237966
2021-08-04,BTC,18,-9.803631176692783e-08,0.0,0.0,mark,38207.04,0.0,1.410028919389755
2021-08-04,BTC,18,-0.00012306884465140375,0.0001230612719918769,0.0,funding,38207.04,0.0,1.4098553994373897
2021-08-04,BTC,18,0.017134565290173338,0.0,0.0,mark,39969.66,0.0,1.4342208080472105
2021-08-04,BTC,18,-0.024006607192768623,0.0,0.0,mark,37508.56,0.0,1.4002000281118698
2021-08-04,BTC,18,0.021628140650498548,0.0,0.0,mark,39723.18,0.0,1.4308136153941435
2021-08-05,BTC,18,-9.661219791248486e-08,0.0,0.0,mark,39723.17,0.0,1.430813477160102
2021-08-05,BTC,18,-1.715429778130548e-05,1.715415064718799e-05,0.011830448722198614,resize,39723.17,-4.2612826399739206e-07,1.4307889327701668
2021-08-05,BTC,18,-0.00012220877355406602,0.0001222013063660937,0.0,funding,39723.17,0.0,1.4306140884934482
2021-08-05,BTC,18,0.015119895687328515,0.0,0.0,mark,41350.0,0.0,1.4524091788110272
2021-08-05,BTC,18,-0.037760307814888816,0.0,0.0,mark,37332.7,0.0,1.398588302423937
2021-08-05,BTC,18,0.03325301110532129,0.0,0.0,mark,40862.46,0.0,1.4458774709291757
2021-08-06,BTC,18,0.0,0.0,0.0,mark,40862.46,0.0,1.4458774709291757
2021-08-06,BTC,18,-0.0005491573023742323,0.0005490065431009224,0.3786252021385671,rotation,40862.46,-1.33972758785976e-05,1.4450836747371134
2021-08-06,ETH,19,-0.0005051068604380643,0.0005049793154433696,0.34826159685749625,entry,2827.01,0.00017802100033485763,1.4443539373722862
2021-08-06,ETH,19,-0.00011448295558897833,0.00011447640266555392,0.0,funding,2827.01,0.0,1.44418859292936
2021-08-06,ETH,19,-0.01327109353077964,0.0,0.0,mark,2720.06,0.0,1.425149246943547
2021-08-06,ETH,19,0.027923232333870042,0.0,0.0,mark,2946.75,0.0,1.4655048275094558
2021-08-06,ETH,19,-0.00672428806408851,0.0,0.0,mark,2891.58,0.0,1.4556834089209816
2021-08-07,ETH,19,-4.891762444002592e-06,0.0,0.0,mark,2891.54,0.0,1.4556762880809682
2021-08-07,ETH,19,-0.00011618548745505985,0.00011617873818274424,0.0,funding,2891.54,0.0,1.4555071694466164
2021-08-07,ETH,19,-0.0031899977964927346,0.0,0.0,mark,2865.5,0.0,1.4508715025978967
2021-08-07,ETH,19,0.03679918124222256,0.0,0.0,mark,3171.0,0.0,1.5052569182001956
2021-08-07,ETH,19,-0.0012650654265417712,0.0,0.0,mark,3160.31,0.0,1.5033538737066159
2021-08-08,ETH,19,2.0130500194823758e-05,0.0,0.0,mark,3160.48,0.0,1.5033841372766727
2021-08-08,ETH,19,-2.2273999725551056e-05,2.227375166181596e-05,0.015361208042631696,resize,3160.48,-7.307053517408539e-06,1.5033506512717467
2021-08-08,ETH,19,-0.00011791753341772109,0.00011791058141867349,0.0,funding,3160.48,0.0,1.5031733903223792
2021-08-08,ETH,19,0.003345818634491032,0.0,0.0,mark,3189.99,0.0,1.508211158892962
2021-08-08,ETH,19,-0.027653031605492612,0.0,0.0,mark,2949.03,0.0,1.4670759262678297
2021-08-08,ETH,19,0.0072833607750347334,0.0,0.0,mark,3011.85,0.0,1.4778001764069018
2021-08-09,ETH,19,-1.1551903170583823e-06,0.0,0.0,mark,3011.84,0.0,1.4777984692674335
2021-08-09,ETH,19,-2.0246930859791513e-05,2.0246725892080225e-05,0.013963259235917397,resize,3011.84,-6.851254756170009e-06,1.4777685486869025
2021-08-09,ETH,19,-0.00010972874488081995,0.00010972272490231632,0.0,funding,3011.84,0.0,1.4776064038949657
2021-08-09,ETH,19,-0.013240813251677905,0.0,0.0,mark,2893.23,0.0,1.4581706499895772
2021-08-09,ETH,19,0.03237055662048324,0.0,0.0,mark,3186.0,0.0,1.5061447303443578
2021-08-09,ETH,19,-0.0027759744097348204,0.0,0.0,mark,3160.52,0.0,1.5019695089506364
2021-08-10,ETH,19,-1.090986071751204e-06,0.0,0.0,mark,3160.51,0.0,1.5019678703237158
2021-08-10,ETH,19,-2.5149081428381222e-05,2.514876519278691e-05,0.017343975995025455,resize,3160.51,-8.242370594680615e-06,1.5019300976864178
2021-08-10,ETH,19,-0.0001075940218096082,0.00010758823378043193,0.0,funding,3160.51,0.0,1.501768507679946
2021-08-10,ETH,19,0.007483682268865209,0.0,0.0,mark,3233.0,0.0,1.5130494247830597
2021-08-10,ETH,19,-0.01887344426737702,0.0,0.0,mark,3051.22,0.0,1.4847607627468613
2021-08-10,ETH,19,0.00943452604448013,0.0,0.0,mark,3141.66,0.0,1.4988350646203006
2021-08-11,ETH,19,-5.3991765784302004e-05,0.0,0.0,mark,3141.14,0.0,1.498754142053138
2021-08-11,ETH,19,-0.00010716118217606597,0.00010715544062167604,0.0,funding,3141.14,0.0,1.4985935423926628
2021-08-11,ETH,19,0.013702438298270928,0.0,0.0,mark,3274.0,0.0,1.5192692583027152
2021-08-11,ETH,19,-0.015872019622289214,0.0,0.0,mark,3120.27,0.0,1.495345746283655
2021-08-11,ETH,19,0.004177987791959677,0.0,0.0,mark,3160.5,0.0,1.5016063518162563
2021-08-12,ETH,19,-1.0363643419433136e-05,0.0,0.0,mark,3160.4,0.0,1.5015907897841096
2021-08-12,ETH,19,-0.00010761458986339737,0.00010760879962115777,0.0,funding,3160.4,0.0,1.5014292054016989
2021-08-12,ETH,19,0.008113737029092532,0.0,0.0,mark,3239.0,0.0,1.5136609626689734
2021-08-12,ETH,19,-0.027063873894920317,0.0,0.0,mark,2979.29,0.0,1.4732448089808832
2021-08-12,ETH,19,0.007017736709190474,0.0,0.0,mark,3045.96,0.0,1.4836200158130612
2021-08-13,ETH,19,1.5733721798756076e-05,0.0,0.0,mark,3046.11,0.0,1.4836433588612812
2021-08-13,ETH,19,-0.00010497749138858673,0.00010497198144460318,0.0,funding,3046.11,0.0,1.4834876178781444
2021-08-13,ETH,19,0.029124627544246426,0.0,0.0,mark,3327.83,0.0,1.5273289748417145
2021-08-13,ETH,19,-0.030416801540594497,0.0,0.0,mark,3033.8,0.0,1.4815719317208906
2021-08-13,ETH,19,0.02985522720137306,0.0,0.0,mark,3322.32,0.0,1.5264715068704335
2021-08-14,ETH,19,1.019476887937702e-06,0.0,0.0,mark,3322.33,0.0,1.5264730630736483
2021-08-14,ETH,19,-0.00011128461236211078,0.00011127842045925953,0.0,funding,3322.33,0.0,1.5263031995623157
2021-08-14,ETH,19,-0.012551078640714544,0.0,0.0,mark,3200.0,0.0,1.5072661656373068
2021-08-14,ETH,19,0.013432635155619864,0.0,0.0,mark,3330.98,0.0,1.5276493153430017
2021-08-14,ETH,19,-0.0069327410630407,0.0,0.0,mark,3263.16,0.0,1.517095145141137
2021-08-15,ETH,19,0.0,0.0,0.0,mark,3263.16,0.0,1.517095145141137
2021-08-15,ETH,19,-0.000485473217041679,0.0004853553939868876,0.3347278579219914,rotation,3263.16,-0.00015562032146659846,1.5163588148292515
2021-08-15,ADA,20,-0.0003944530344107978,0.00039437524804071517,0.27198292968325183,entry,2.1875,0.18853655447235812,1.5157608004455345
2021-08-15,ADA,20,-8.93970915995058e-05,8.939309579870305e-05,0.0,funding,2.1875,0.0,1.5156253018950925
2021-08-15,ADA,20,0.0077322908456630285,0.0,0.0,mark,2.2499,0.0,1.5273899828941675
2021-08-15,ADA,20,-0.027519011591493114,0.0,0.0,mark,2.03,0.0,1.4859307945656959
2021-08-15,ADA,20,0.01719594685225839,0.0,0.0,mark,2.1667,0.0,1.5117037415620673
2021-08-16,ADA,20,0.0,0.0,0.0,mark,2.1667,0.0,1.5117037415620673
2021-08-16,ADA,20,-0.0003919049617275276,0.000391828177009116,0.2702263289718041,rotation,2.1667,-0.18853655447235812,1.5111114134408332
2021-08-16,XRP,21,-0.0002748918095206292,0.00027485403022900137,0.18955450360620782,entry,1.2838,0.22311728763705577,1.510696078378724
2021-08-16,XRP,21,-6.229569565463371e-05,6.229375531803015e-05,0.0,funding,1.2838,0.0,1.5106019714468575
2021-08-16,XRP,21,0.0066245501385033875,0.0,0.0,mark,1.3288,0.0,1.520642249390525
2021-08-16,XRP,21,-0.027609959722384014,0.0,0.0,mark,1.1432,0.0,1.4792316808050874
2021-08-16,XRP,21,0.0063599778909070905,0.0,0.0,mark,1.1855,0.0,1.4886695420721348
2021-08-17,XRP,21,0.0,0.0,0.0,mark,1.1855,0.0,1.4886695420721348
2021-08-17,XRP,21,-5.8376785215372464e-05,5.837508132408921e-05,0.0,funding,1.1855,0.0,1.4885826408665517
2021-08-17,XRP,21,0.009309401947823023,0.0,0.0,mark,1.2479,0.0,1.502505159615104
2021-08-17,XRP,21,-0.024487524389705726,0.0,0.0,mark,1.085,0.0,1.4661593534590276
2021-08-17,XRP,21,0.0019459845250885022,0.0,0.0,mark,1.0978,0.0,1.469015254740782
2021-08-18,XRP,21,3.0375981220075372e-05,0.0,0.0,mark,1.098,0.0,1.4690598781983093
2021-08-18,XRP,21,-0.0002418335653424744,0.00024180432596295065,0.16676160411237972,rotation,1.098,-0.22311728763705577,1.4687046531646624
2021-08-18,SOL,22,-0.0002650148498220394,0.0002649797364886488,0.18274464585424055,entry,64.135,0.004184889868356613,1.468315476192687
2021-08-18,SOL,22,-6.005702550354913e-05,6.005522211647634e-05,0.0,funding,64.135,0.0,1.4682272961806273
2021-08-18,SOL,22,0.04558997989595232,0.0,0.0,mark,80.5,0.0,1.5367130188762832
2021-08-18,SOL,22,-0.058248136115891934,0.0,0.0,mark,59.722,0.0,1.4497593771915696
2021-08-18,SOL,22,0.03667480159452,0.0,0.0,mark,72.663,0.0,1.5039160369779725
2021-08-19,SOL,22,-1.1130709576593115e-05,0.0,0.0,mark,72.659,0.0,1.503899297418499
2021-08-19,SOL,22,-2.4595798243995983e-05,2.459549576981195e-05,0.01696241087573238,resize,72.659,-0.0003510887542979924,1.5038623082696911
2021-08-19,SOL,22,-6.0857647097274226e-05,6.0855795308175435e-05,0.0,funding,72.659,0.0,1.5037707895328873
2021-08-19,SOL,22,0.007054901612150043,0.0,0.0,mark,75.436,0.0,1.5144172552266282
2021-08-19,SOL,22,-0.018384901134538636,0.0,0.0,mark,68.24,0.0,1.4868292224098623
2021-08-19,SOL,22,0.011597656833977395,0.0,0.0,mark,72.764,0.0,1.5041733386498635
2021-08-20,SOL,22,9.175173167521798e-05,0.0,0.0,mark,72.8,0.0,1.5043113554899696
2021-08-20,SOL,22,-0.0002690603181234926,0.0002690241246422117,0.18553387906359425,rotation,72.8,-0.0038338011140586206,1.5039066594443695
2021-08-20,AVAX,23,-0.00022731714903363422,0.00022729131444810106,0.15675263065386277,entry,30.653,0.0076906444760959074,1.503564834522937
2021-08-20,AVAX,23,-5.1512872478712064e-05,5.1511545713419144e-05,0.0,funding,30.653,0.0,1.5034873835742304
2021-08-20,AVAX,23,0.04293303352461417,0.0,0.0,mark,39.229,0.0,1.569442350601229
2021-08-20,AVAX,23,-0.046571439246938205,0.0,0.0,mark,29.943,0.0,1.4980270259962023
2021-08-20,AVAX,23,0.046208755711447974,0.0,0.0,mark,39.155,0.0,1.5688732429099979
2021-08-21,AVAX,23,-3.431471295664757e-05,0.0,0.0,mark,39.148,0.0,1.5688194083986653
2021-08-21,AVAX,23,-5.15228585418807e-05,5.152153126222607e-05,0.035532090525673146,resize,39.148,-0.0014239152252389486,1.5687385804204708
2021-08-21,AVAX,23,-5.138094796436961e-05,5.13796279860834e-05,0.0,funding,39.148,0.0,1.5686579792158013
2021-08-21,AVAX,23,0.04347316730852875,0.0,0.0,mark,50.27,0.0,1.6383565419438324
2021-08-21,AVAX,23,-0.04937111031323015,0.0,0.0,mark,37.676,0.0,1.5594333537585399
2021-08-21,AVAX,23,0.0238254688948258,0.0,0.0,mark,43.676,0.0,1.5970337292636816
2021-08-22,AVAX,23,6.670544406176003e-05,0.0,0.0,mark,43.693,0.0,1.5971402636609462
2021-08-22,AVAX,23,-5.547276832037845e-05,5.547122973481362e-05,0.03825602050676801,resize,43.693,-0.0013983986148535929,1.597051668326462
2021-08-22,AVAX,23,-4.375961452024805e-05,4.37586570822717e-05,0.0,funding,43.693,0.0,1.596981783490165
2021-08-22,AVAX,23,0.004067503772277139,0.0,0.0,mark,45.03,0.0,1.6034907415505015
2021-08-22,AVAX,23,-0.01373501489477597,0.0,0.0,mark,40.537,0.0,1.5816173320029383
2021-08-22,AVAX,23,0.009576053223979893,0.0,0.0,mark,43.663,0.0,1.5968357335710848
2021-08-23,AVAX,23,5.7924306937703786e-05,0.0,0.0,mark,43.682,0.0,1.5969282318531688
2021-08-23,AVAX,23,-4.375197918264678e-05,4.375102207875011e-05,0.0,funding,43.682,0.0,1.5968583646108387
2021-08-23,AVAX,23,0.029856869811447626,0.0,0.0,mark,53.623,0.0,1.6452544394633482
2021-08-23,AVAX,23,-0.030064202415350405,0.0,0.0,mark,43.614,0.0,1.5965273181275905
2021-08-23,AVAX,23,0.008613730054249221,0.0,0.0,mark,46.451,0.0,1.610338772141932
2021-08-24,AVAX,23,-0.00013302840357796132,0.0,0.0,mark,46.407,0.0,1.6101245655939478
2021-08-24,AVAX,23,-4.6100444838614616e-05,4.6099382229516945e-05,0.0,funding,46.407,0.0,1.6100503398461614
2021-08-24,AVAX,23,-0.006844869982740607,0.0,0.0,mark,44.151,0.0,1.5990673859313378
2021-08-24,AVAX,23,0.044148435290629326,0.0,0.0,mark,58.977,0.0,1.6712452559407236
2021-08-24,AVAX,23,-0.010256644768403806,0.0,0.0,mark,55.474,0.0,1.6541914937228037
2021-08-25,AVAX,23,2.9430229152090395e-06,0.0,0.0,mark,55.475,0.0,1.6541963620534397
2021-08-25,AVAX,23,-3.278809175080378e-05,3.2787554227181824e-05,0.02261210636357367,resize,55.475,-0.0006742652381250833,1.6541421250005164
2021-08-25,AVAX,23,-4.621263621297147e-05,4.6211568425525435e-05,0.0,funding,55.475,0.0,1.6540656844985213
2021-08-25,AVAX,23,0.005333353723237508,0.0,0.0,mark,57.584,0.0,1.6629109684226466
2021-08-25,AVAX,23,-0.03056128646560118,0.0,0.0,mark,45.65,0.0,1.6128589919643672
2021-08-25,AVAX,23,0.0014499669488806423,0.0,0.0,mark,46.208,0.0,1.6151992804563833
2021-08-26,AVAX,23,7.789841996062767e-06,0.0,0.0,mark,46.211,0.0,1.6152118626525769
2021-08-26,AVAX,23,-2.1665886327268124e-05,2.1665651623610905e-05,0.014941828705938553,resize,46.211,0.0005222613441724861,1.6151768680350622
2021-08-26,AVAX,23,-4.433327488647932e-05,4.4332292181424944e-05,0.0,funding,46.211,0.0,1.6151052635422238
2021-08-26,AVAX,23,-0.014740916032400821,0.0,0.0,mark,41.2,0.0,1.5914717502378075
2021-08-26,AVAX,23,0.021295533395718106,0.0,0.0,mark,48.463,0.0,1.6257264313653221
2021-08-26,AVAX,23,-0.020939976597677698,0.0,0.0,mark,41.32,0.0,1.5920377094468534
2021-08-27,AVAX,23,0.0,0.0,0.0,mark,41.32,0.0,1.5920377094468534
2021-08-27,AVAX,23,-4.0217086188902415e-05,4.0216277492690856e-05,0.0,funding,41.32,0.0,1.5919736836165514
2021-08-27,AVAX,23,-0.0030263919934763045,0.0,0.0,mark,40.3,0.0,1.5871630303396596
2021-08-27,AVAX,23,0.029772968678370294,0.0,0.0,mark,50.47,0.0,1.6351280733063158
2021-08-27,AVAX,23,-0.0009522978905069711,0.0,0.0,mark,50.14,0.0,1.633571685481439
2021-08-28,AVAX,23,-5.774418050322111e-05,0.0,0.0,mark,50.12,0.0,1.633477358946598
2021-08-28,AVAX,23,-4.78136806118445e-05,4.781253755608217e-05,0.032974163831780805,resize,50.12,-0.0010746717886953262,1.6333992582490264
2021-08-28,AVAX,23,-3.6712714400385796e-05,3.6712040496949534e-05,0.0,funding,50.12,0.0,1.63333929282931
2021-08-28,AVAX,23,0.0037164781373583136,0.0,0.0,mark,51.79,0.0,1.6394208566014137
2021-08-28,AVAX,23,-0.01267479038625678,0.0,0.0,mark,46.12,0.0,1.6187726730158882
2021-08-28,AVAX,23,0.009136662465979396,0.0,0.0,mark,50.2,0.0,1.6336306252255786
2021-08-29,AVAX,23,0.0,0.0,0.0,mark,50.2,0.0,1.6336306252255786
2021-08-29,AVAX,23,-3.6766107257343354e-05,3.6765431392353444e-05,0.0,funding,50.2,0.0,1.6335705640909064
2021-08-29,AVAX,23,0.004892386671668025,0.0,0.0,mark,52.4,0.0,1.6415822049882884
2021-08-29,AVAX,23,-0.01281527352968352,0.0,0.0,mark,46.66,0.0,1.6206791055560281
2021-08-29,AVAX,23,0.0016389612157199787,0.0,0.0,mark,47.39,0.0,1.6233375136719776
2021-08-30,AVAX,23,8.972851412569981e-05,0.0,0.0,mark,47.43,0.0,1.623483179870112
2021-08-30,AVAX,23,-3.4954471239882475e-05,3.495386033949412e-05,0.0,funding,47.43,0.0,1.6234264328657793
2021-08-30,AVAX,23,0.00201683637934956,0.0,0.0,mark,48.33,0.0,1.6267039223237991
2021-08-30,AVAX,23,-0.01654558508144391,0.0,0.0,mark,41.0,0.0,1.6000105915157037
2021-08-30,AVAX,23,0.0010009473678875844,0.0,0.0,mark,41.44,0.0,1.60161291969518
2021-08-31,AVAX,23,-4.547587888349072e-05,0.0,0.0,mark,41.42,0.0,1.601540086596113
2021-08-31,AVAX,23,-3.094345588436195e-05,3.0942977140585936e-05,0.0,funding,41.42,0.0,1.6014905301778237
2021-08-31,AVAX,23,0.0063467813285193785,0.0,0.0,mark,44.22,0.0,1.611687164047219
2021-08-31,AVAX,23,-0.013764451372873174,0.0,0.0,mark,38.17,0.0,1.5896551515794186
2021-08-31,AVAX,23,0.0030421928545410317,0.0,0.0,mark,39.5,0.0,1.5944985526673814
2021-09-01,AVAX,23,2.2838611939930868e-05,0.0,0.0,mark,39.51,0.0,1.5945349692169148
2021-09-01,AVAX,23,-0.0001308483320387157,0.00013083977176914178,0.0902343253580288,rotation,39.51,-0.0036416549533554426,1.5943263406254646
2021-09-01,SOL,24,-0.00023192445265215038,0.0002318975602553107,0.15992935190021426,entry,108.27,0.0023550344358887116,1.5939566202368227
2021-09-01,SOL,24,-5.2557092879455244e-05,5.2555711779602585e-05,0.0,funding,108.27,0.0,1.5938728487121003
2021-09-01,SOL,24,0.016776486633984473,0.0,0.0,mark,119.72,0.0,1.6208379930030261
2021-09-01,SOL,24,-0.02029926469759453,0.0,0.0,mark,105.89,0.0,1.5882678667546852
2021-09-01,SOL,24,0.007121528433818238,0.0,0.0,mark,110.71,0.0,1.5996191327356688
2021-09-02,SOL,24,0.0,0.0,0.0,mark,110.71,0.0,1.5996191327356688
2021-09-02,SOL,24,-0.00023636700391162137,0.0002363390714322425,0.16299246305671894,rotation,110.71,-0.0023550344358887116,1.5992410802351928
2021-09-02,AVAX,25,-0.00014501924551769377,0.0001450087307351262,0.10000602119663876,entry,42.5,0.0037631467616126156,1.5990091763160084
2021-09-02,AVAX,25,-3.2861492720143456e-05,3.2860952787194465e-05,0.0,funding,42.5,0.0,1.5989566313509591
2021-09-02,AVAX,25,0.0128147275042982,0.0,0.0,mark,47.98,0.0,1.6195786756045962
2021-09-02,AVAX,25,-0.01635122573449824,0.0,0.0,mark,41.0,0.0,1.59331191120854
2021-09-02,AVAX,25,0.015421379802882903,0.0,0.0,mark,47.58,0.0,1.618073416899951
2021-09-03,AVAX,25,4.6512836879549524e-05,0.0,0.0,mark,47.6,0.0,1.6181486798351834
2021-09-03,AVAX,25,-1.4785999911136471e-05,1.4785890598809022e-05,0.010197165930213118,resize,47.6,-0.0003466498022696358,1.6181247540658308
2021-09-03,AVAX,25,-3.3019780432597e-05,3.3019235285684867e-05,0.0,funding,47.6,0.0,1.6180713248238547
2021-09-03,AVAX,25,-0.006673324121591651,0.0,0.0,mark,44.45,0.0,1.6073093594019243
2021-09-03,AVAX,25,0.01520932640915753,0.0,0.0,mark,51.66,0.0,1.6319423024787871
2021-09-03,AVAX,25,-0.012153137151061326,0.0,0.0,mark,45.89,0.0,1.612229115023378
2021-09-04,AVAX,25,2.1190913427186067e-05,0.0,0.0,mark,45.9,0.0,1.6122632799929715
2021-09-04,AVAX,25,-0.00014104457630167186,0.00014103462998305295,0.0972652620572779,rotation,45.9,-0.00341649695934298,1.6120358950378424
2021-09-04,SOL,26,-0.0002231567793087836,0.0002231318816868745,0.15388405633577548,entry,146.36,0.0016949072320804563,1.611676198435236
2021-09-04,SOL,26,-5.056995229375513e-05,5.056867365522512e-05,0.0,funding,146.36,0.0,1.6115946981075193
2021-09-04,SOL,26,0.004449277085859549,0.0,0.0,mark,150.6,0.0,1.6187811047715404
2021-09-04,SOL,26,-0.015691763075425608,0.0,0.0,mark,135.73,0.0,1.593577834230504
2021-09-04,SOL,26,0.0033446964730387864,0.0,0.0,mark,138.88,0.0,1.5989167920115575
2021-09-05,SOL,26,0.0,0.0,0.0,mark,138.88,0.0,1.5989167920115575
2021-09-05,SOL,26,-4.836835323880651e-05,4.836718350877409e-05,0.0,funding,138.88,0.0,1.598839456909663
2021-09-05,SOL,26,0.006456238672776185,0.0,0.0,mark,144.99,0.0,1.6091953400976744
2021-09-05,SOL,26,-0.010854653332770272,0.0,0.0,mark,134.74,0.0,1.5918225409688498
2021-09-05,SOL,26,0.007700425157537618,0.0,0.0,mark,142.0,0.0,1.6041275674737538
2021-09-06,SOL,26,-2.113204928267684e-05,0.0,0.0,mark,141.98,0.0,1.6040936693291121
2021-09-06,SOL,26,-4.9288443549345825e-05,4.928722889390333e-05,0.0,funding,141.98,0.0,1.6040146079972646
2021-09-06,SOL,26,0.025198315782338845,0.0,0.0,mark,166.13,0.0,1.6449466176520076
2021-09-06,SOL,26,-0.03055938917476973,0.0,0.0,mark,136.92,0.0,1.5954383774029375
2021-09-06,SOL,26,0.02858943923347559,0.0,0.0,mark,164.22,0.0,1.6417093448387339
2021-09-07,SOL,26,-3.0972598506361124e-05,0.0,0.0,mark,164.19,0.0,1.6416584976217714
2021-09-07,SOL,26,-5.569457983637368e-05,5.5693028922054385e-05,0.0,funding,164.19,0.0,1.6415670686875832
2021-09-07,SOL,26,0.03179583199278913,0.0,0.0,mark,195.48,0.0,1.6946007159793806
2021-09-07,SOL,26,-0.06986704329576092,0.0,0.0,mark,128.01,0.0,1.580245325030912
2021-09-07,SOL,26,0.047596911619310324,0.0,0.0,mark,173.46,0.0,1.6572788587289689
2021-09-08,SOL,26,3.068067675211894e-05,0.0,0.0,mark,173.49,0.0,1.6573297059459313
2021-09-08,SOL,26,-2.4599657722963806e-05,2.4599355153833635e-05,0.016965072519885264,resize,173.49,-0.00016206535622072075,1.6572889367038877
2021-09-08,SOL,26,-5.2720077698578755e-05,5.2718688019616105e-05,0.0,funding,173.49,0.0,1.6572015666054751
2021-09-08,SOL,26,0.022417559312838557,0.0,0.0,mark,198.0,0.0,1.6947715209827972
2021-09-08,SOL,26,-0.047699077592343875,0.0,0.0,mark,146.5,0.0,1.6158301643760207
2021-09-08,SOL,26,0.04136598102479584,0.0,0.0,mark,191.02,0.0,1.6840722846892962
2021-09-09,SOL,26,0.0,0.0,0.0,mark,191.02,0.0,1.6840722846892962
2021-09-09,SOL,26,-5.7124037328237876e-05,5.712240578140804e-05,0.0,funding,191.02,0.0,1.6839760864288849
2021-09-09,SOL,26,0.02248342702265337,0.0,0.0,mark,216.0,0.0,1.722266476487861
2021-09-09,SOL,26,-0.03192162319954704,0.0,0.0,mark,180.7,0.0,1.6681571582700123
2021-09-09,SOL,26,0.006594170870985414,0.0,0.0,mark,187.9,0.0,1.6791936197762025
2021-09-10,SOL,26,-9.128481993318823e-06,0.0,0.0,mark,187.89,0.0,1.6791782913574438
2021-09-10,SOL,26,-5.635175808271069e-05,5.635017035219739e-05,0.0,funding,187.89,0.0,1.679083669374674
2021-09-10,SOL,26,0.008653296258373248,0.0,0.0,mark,197.41,0.0,1.6936763240328587
2021-09-10,SOL,26,-0.027145201942310956,0.0,0.0,mark,167.82,0.0,1.648319532926169
2021-09-10,SOL,26,0.010895150702244824,0.0,0.0,mark,179.6,0.0,1.6663764102237968
2021-09-11,SOL,26,0.0,0.0,0.0,mark,179.6,0.0,1.6663764102237968
2021-09-11,SOL,26,-5.427919370372982e-05,5.42777206149564e-05,0.0,funding,179.6,0.0,1.6662859631105633
2021-09-11,SOL,26,-0.0041112617016998716,0.0,0.0,mark,175.14,0.0,1.6594494883442288
2021-09-11,SOL,26,0.016826105577259422,0.0,0.0,mark,193.51,0.0,1.687607793603772
2021-09-11,SOL,26,-0.013230129154750851,0.0,0.0,mark,179.04,0.0,1.6654275716600817
2021-09-12,SOL,26,9.203851599184662e-06,0.0,0.0,mark,179.05,0.0,1.6654429000788404
2021-09-12,SOL,26,-5.4143298825322336e-05,5.414183310338177e-05,0.0,funding,179.05,0.0,1.6653527299473012
2021-09-12,SOL,26,0.0024820801360308656,0.0,0.0,mark,181.75,0.0,1.6694914030121224
2021-09-12,SOL,26,-0.01070765132791209,0.0,0.0,mark,170.15,0.0,1.6517104372521494
2021-09-12,SOL,26,0.003834694979720882,0.0,0.0,mark,174.29,0.0,1.6580564026182087
2021-09-13,SOL,26,1.848945190027219e-05,0.0,0.0,mark,174.31,0.0,1.658087059455726
2021-09-13,SOL,26,-5.294376808570414e-05,5.294236658910279e-05,0.0,funding,174.31,0.0,1.6579992764027875
2021-09-13,SOL,26,0.0006377105855597923,0.0,0.0,mark,175.0,0.0,1.6590569372971307
2021-09-13,SOL,26,-0.023085340957542583,0.0,0.0,mark,150.3,0.0,1.6211957429633952
2021-09-13,SOL,26,0.018018664854178114,0.0,0.0,mark,169.53,0.0,1.6506722922361778
2021-09-14,SOL,26,9.286123999302429e-06,0.0,0.0,mark,169.54,0.0,1.6506876206549363
2021-09-14,SOL,26,-5.172576167102149e-05,5.172442391682635e-05,0.0,funding,169.54,0.0,1.6506022397886913
2021-09-14,SOL,26,0.00212436445974168,0.0,0.0,mark,171.83,0.0,1.65411244768441
2021-09-14,SOL,26,-0.02746062999001813,0.0,0.0,mark,142.6,0.0,1.60930747965303
2021-09-14,SOL,26,0.015387465666985865,0.0,0.0,mark,158.88,0.0,1.6342621453920265
2021-09-15,SOL,26,-0.00015008186136504574,0.0,0.0,mark,158.72,0.0,1.634016890691889
2021-09-15,SOL,26,-4.891861061233329e-05,4.8917414116584224e-05,0.0,funding,158.72,0.0,1.6339369588109736
2021-09-15,SOL,26,0.007272129051575034,0.0,0.0,mark,166.5,0.0,1.6458624686051624
2021-09-15,SOL,26,-0.012002081081815956,0.0,0.0,mark,153.69,0.0,1.6262267641753991
2021-09-15,SOL,26,0.004795618828327456,0.0,0.0,mark,158.79,0.0,1.6340442577422838
2021-09-16,SOL,26,-1.8761502301400064e-05,0.0,0.0,mark,158.77,0.0,1.6340136009047665
2021-09-16,SOL,26,-4.893411986006334e-05,4.89329226055486e-05,0.0,funding,158.77,0.0,1.633933643843697
2021-09-16,SOL,26,0.004427538022466476,0.0,0.0,mark,163.5,0.0,1.6411839859165136
2021-09-16,SOL,26,-0.015198782707775652,0.0,0.0,mark,147.35,0.0,1.6164285896213788
2021-09-16,SOL,26,0.004673610607015214,0.0,0.0,mark,152.29,0.0,1.624000828488126
2021-09-17,SOL,26,9.438632142428865e-06,0.0,0.0,mark,152.3,0.0,1.6240161569068847
2021-09-17,SOL,26,-4.722893921218836e-05,4.722782394333372e-05,0.0,funding,152.3,0.0,1.623939458157745
2021-09-17,SOL,26,-0.017424357337438013,0.0,0.0,mark,134.0,0.0,1.595888451829512
2021-09-17,SOL,26,0.01860354099998952,0.0,0.0,mark,153.55,0.0,1.6258555105025698
2021-09-17,SOL,26,-0.005644361505124447,0.0,0.0,mark,147.58,0.0,1.616704444503687
2021-09-18,SOL,26,9.481229636445182e-06,0.0,0.0,mark,147.59,0.0,1.6167197729224456
2021-09-18,SOL,26,-0.00020292315452234537,0.00020290256701155387,0.13993280483555437,rotation,147.59,-0.0015328418758597355,1.6163917363303812
2021-09-18,AVAX,27,-0.00018060719682239657,0.0001805908883244732,0.1245454402237746,entry,70.15,0.0028697679312236456,1.616099830710837
2021-09-18,AVAX,27,-4.092664809838203e-05,4.0925810614539325e-05,0.0,funding,70.15,0.0,1.616033690515231
2021-09-18,AVAX,27,0.009614040171238052,0.0,0.0,mark,75.59,0.0,1.6316452280610876
2021-09-18,AVAX,27,-0.01493785688288977,0.0,0.0,mark,67.16,0.0,1.6074530844008723
2021-09-18,AVAX,27,0.0033151359616284356,0.0,0.0,mark,69.02,0.0,1.6127908527529482
2021-09-19,AVAX,27,0.0,0.0,0.0,mark,69.02,0.0,1.6127908527529482
2021-09-19,AVAX,27,-4.034999310473335e-05,4.03491790546683e-05,0.0,funding,69.02,0.0,1.6127257779660527
2021-09-19,AVAX,27,0.01281851683240052,0.0,0.0,mark,76.27,0.0,1.633531595467424
2021-09-19,AVAX,27,-0.01745582746606716,0.0,0.0,mark,66.42,0.0,1.6052643813448713
2021-09-19,AVAX,27,0.006503991782747859,0.0,0.0,mark,70.07,0.0,1.6157390342938376
2021-09-20,AVAX,27,-1.7761490909560464e-05,0.0,0.0,mark,70.06,0.0,1.6157103366145253
2021-09-20,AVAX,27,-4.0883993163957035e-05,4.088315742490346e-05,0.0,funding,70.06,0.0,1.6156442812744805
2021-09-20,AVAX,27,0.0006924927897918055,0.0,0.0,mark,70.45,0.0,1.6167634907676576
2021-09-20,AVAX,27,-0.027806925523371988,0.0,0.0,mark,55.0,0.0,1.5724255762302521
2021-09-20,AVAX,27,0.004243369380048185,0.0,0.0,mark,57.33,0.0,1.5791121355100033
2021-09-21,AVAX,27,1.817313533606934e-05,0.0,0.0,mark,57.34,0.0,1.5791408331893155
2021-09-21,AVAX,27,-3.423592441134324e-05,3.423533836871762e-05,0.0,funding,57.34,0.0,1.5790867707685594
2021-09-21,AVAX,27,0.016045083643827947,0.0,0.0,mark,66.24,0.0,1.60462770535645
2021-09-21,AVAX,27,-0.02478834555777644,0.0,0.0,mark,52.55,0.0,1.5653405823779982
2021-09-21,AVAX,27,0.011719298272564871,0.0,0.0,mark,58.98,0.0,1.5837931901757663
2021-09-22,AVAX,27,3.6238518403336054e-05,0.0,0.0,mark,59.0,0.0,1.5838505855343907
2021-09-22,AVAX,27,-3.512232267026159e-05,3.51217058887484e-05,0.0,funding,59.0,0.0,1.583794957999954
2021-09-22,AVAX,27,0.02803297961576711,0.0,0.0,mark,74.69,0.0,1.628821616840853
2021-09-22,AVAX,27,-0.030354977981498787,0.0,0.0,mark,57.72,0.0,1.5801216550479877
2021-09-22,AVAX,27,0.029262023050496345,0.0,0.0,mark,74.07,0.0,1.6270423607234943
2021-09-23,AVAX,27,-5.2915226948858236e-05,0.0,0.0,mark,74.04,0.0,1.6269562676855576
2021-09-23,AVAX,27,-4.290793832194797e-05,4.2907017789563884e-05,0.0,funding,74.04,0.0,1.6268864598440371
2021-09-23,AVAX,27,0.010109158174732485,0.0,0.0,mark,79.8,0.0,1.6434163231278853
2021-09-23,AVAX,27,-0.01236958397652644,0.0,0.0,mark,72.76,0.0,1.623213156892071
2021-09-23,AVAX,27,0.006485001508632923,0.0,0.0,mark,76.44,0.0,1.633773902878974
2021-09-24,AVAX,27,-1.756542401976672e-05,0.0,0.0,mark,76.43,0.0,1.6337452051996617
2021-09-24,AVAX,27,-3.289733614169721e-05,3.2896795030234434e-05,0.02268744484843754,resize,76.43,-0.00048496014967115784,1.6336914602185146
2021-09-24,AVAX,27,-3.6656093702757626e-05,3.66554218763128e-05,0.0,funding,76.43,0.0,1.6336315765688245
2021-09-24,AVAX,27,0.003541085154468069,0.0,0.0,mark,78.86,0.0,1.6394266594779972
2021-09-24,AVAX,27,-0.01800988238533565,0.0,0.0,mark,66.59,0.0,1.6101650679983481
2021-09-24,AVAX,27,0.008436179801785407,0.0,0.0,mark,72.31,0.0,1.6238061685088283
2021-09-25,AVAX,27,-1.468663772970497e-05,0.0,0.0,mark,72.3,0.0,1.6237823204310127
2021-09-25,AVAX,27,-3.48869068686553e-05,3.4886298327631666e-05,0.0,funding,72.3,0.0,1.623725672676563
2021-09-25,AVAX,27,0.00044052069539491674,0.0,0.0,mark,72.6,0.0,1.6244411150110287
2021-09-25,AVAX,27,-0.007515372364670704,0.0,0.0,mark,67.5,0.0,1.612278595325111
2021-09-25,AVAX,27,0.0011530748066817345,0.0,0.0,mark,68.28,0.0,1.614138745394722
2021-09-26,AVAX,27,0.0,0.0,0.0,mark,68.28,0.0,1.614138745394722
2021-09-26,AVAX,27,-3.314394875093939e-05,3.314339949632761e-05,0.0,funding,68.28,0.0,1.614085247349441
2021-09-26,AVAX,27,0.004658028313230339,0.0,0.0,mark,71.44,0.0,1.6216212399391468
2021-09-26,AVAX,27,-0.014591665779560508,0.0,0.0,mark,61.59,0.0,1.5981308832908547
2021-09-26,AVAX,27,0.007700122995758394,0.0,0.0,mark,66.77,0.0,1.6104841875992966
2021-09-27,AVAX,27,0.0,0.0,0.0,mark,66.77,0.0,1.6104841875992966
2021-09-27,AVAX,27,-3.248451347029821e-05,3.2483985854297436e-05,0.0,funding,66.77,0.0,1.6104318726537281
2021-09-27,AVAX,27,0.008728427261668767,0.0,0.0,mark,72.69,0.0,1.6245499347205188
2021-09-27,AVAX,27,-0.010892808612988221,0.0,0.0,mark,65.31,0.0,1.6069500532926615
2021-09-27,AVAX,27,0.001512595055008622,0.0,0.0,mark,66.33,0.0,1.609382557229845
2021-09-28,AVAX,27,1.4818043738688936e-05,0.0,0.0,mark,66.34,0.0,1.6094064053076607
2021-09-28,AVAX,27,-3.22969236218225e-05,3.22964020818196e-05,0.0,funding,66.34,0.0,1.6093544272712819
2021-09-28,AVAX,27,0.00458318901069768,0.0,0.0,mark,69.44,0.0,1.6167473313940945
2021-09-28,AVAX,27,-0.012363406316953875,0.0,0.0,mark,61.11,0.0,1.5968818825737623
2021-09-28,AVAX,27,0.0005971877543211551,0.0,0.0,mark,61.51,0.0,1.5978358056863833
2021-09-29,AVAX,27,0.0,0.0,0.0,mark,61.51,0.0,1.5978358056863833
2021-09-29,AVAX,27,-3.016230514213979e-05,3.0161850264347145e-05,0.0,funding,61.51,0.0,1.597787612002065
2021-09-29,AVAX,27,-0.0003732118102761668,0.0,0.0,mark,61.26,0.0,1.5971914100566769
2021-09-29,AVAX,27,0.012228285830606332,0.0,0.0,mark,69.5,0.0,1.6168422261766693
2021-09-29,AVAX,27,-0.005976738964290866,0.0,0.0,mark,65.46,0.0,1.6072076027391973
2021-09-30,AVAX,27,0.0,0.0,0.0,mark,65.46,0.0,1.6072076027391973
2021-09-30,AVAX,27,-3.1912097780078e-05,3.191158859455693e-05,0.0,funding,65.46,0.0,1.6071563141913927
2021-09-30,AVAX,27,0.0051062852123570975,0.0,0.0,mark,68.91,0.0,1.6153839010377489
2021-09-30,AVAX,27,-0.006858784149591425,0.0,0.0,mark,64.28,0.0,1.6043422410091608
2021-09-30,AVAX,27,0.0034871191412601393,0.0,0.0,mark,66.63,0.0,1.6099465392958092
2021-10-01,AVAX,27,1.4812852852602025e-05,0.0,0.0,mark,66.64,0.0,1.6099703873736249
2021-10-01,AVAX,27,-3.243161265161335e-05,3.243108675251853e-05,0.0,funding,66.64,0.0,1.609918174284323
2021-10-01,AVAX,27,-0.005227896357579884,0.0,0.0,mark,63.12,0.0,1.6015236508932582
2021-10-01,AVAX,27,0.009573528131607424,0.0,0.0,mark,69.58,0.0,1.6169295091620872
2021-10-01,AVAX,27,-0.0028210325404756146,0.0,0.0,mark,67.67,0.0,1.6123745262993219
2021-10-02,AVAX,27,-1.4790765912489578e-05,0.0,0.0,mark,67.66,0.0,1.6123506782215062
2021-10-02,AVAX,27,-3.28794110779425e-05,3.2878870556043756e-05,0.0,funding,67.66,0.0,1.612297665952266
2021-10-02,AVAX,27,0.008469068911591274,0.0,0.0,mark,73.41,0.0,1.626010310696193
2021-10-02,AVAX,27,-0.011224053660689681,0.0,0.0,mark,65.8,0.0,1.6078619234785785
2021-10-02,AVAX,27,0.004853155398765422,0.0,0.0,mark,69.08,0.0,1.6156840930020706
2021-10-03,AVAX,27,1.4760250421294416e-05,0.0,0.0,mark,69.09,0.0,1.6157079410798862
2021-10-03,AVAX,27,-3.350456703725448e-05,3.350400576549296e-05,0.0,funding,69.09,0.0,1.615653808391713
2021-10-03,AVAX,27,0.0037127793762462553,0.0,0.0,mark,71.61,0.0,1.6216635240012252
2021-10-03,AVAX,27,-0.005988504824779604,0.0,0.0,mark,67.55,0.0,1.611981204408122
2021-10-03,AVAX,27,0.0016851256376097024,0.0,0.0,mark,68.69,0.0,1.614699885279092
2021-10-04,AVAX,27,0.0,0.0,0.0,mark,68.69,0.0,1.614699885279092
2021-10-04,AVAX,27,-3.333138356360782e-05,3.3330828079312424e-05,0.0,funding,68.69,0.0,1.614646065994816
2021-10-04,AVAX,27,-0.007992805894224065,0.0,0.0,mark,63.3,0.0,1.6017919520522481
2021-10-04,AVAX,27,0.008096189489627804,0.0,0.0,mark,68.76,0.0,1.6148130025395246
2021-10-04,AVAX,27,-0.005137783445120962,0.0,0.0,mark,65.29,0.0,1.6065377195375374
2021-10-05,AVAX,27,-4.453417163502641e-05,0.0,0.0,mark,65.26,0.0,1.6064661753040907
2021-10-05,AVAX,27,-0.00014048416401158021,0.00014047429657350262,0.09687882522310524,rotation,65.26,-0.0023848077815524877,1.606240508098146
2021-10-05,SOL,28,-0.00023170433009671404,0.00023167748872154992,0.15977757842865511,entry,167.13,0.0015355784045828658,1.6058683783309469
2021-10-05,SOL,28,-5.250720316081289e-05,5.250582468164002e-05,0.0,funding,167.13,0.0,1.6057840608874123
2021-10-05,SOL,28,0.0029124073453682467,0.0,0.0,mark,170.18,0.0,1.6104675750213902
2021-10-05,SOL,28,-0.010062188619210488,0.0,0.0,mark,159.68,0.0,1.59434400177327
2021-10-05,SOL,28,0.004746634442964841,0.0,0.0,mark,164.62,0.0,1.6019297590919093
2021-10-06,SOL,28,1.9171423419757162e-05,0.0,0.0,mark,164.64,0.0,1.6019604706600008
2021-10-06,SOL,28,-5.1851083806505344e-05,5.184973956227444e-05,0.0,funding,164.64,0.0,1.601877409426808
2021-10-06,SOL,28,-0.01403626297336744,0.0,0.0,mark,150.1,0.0,1.5795500994241731
2021-10-06,SOL,28,0.014783700687450526,0.0,0.0,mark,165.42,0.0,1.6030751605823825
2021-10-06,SOL,28,-0.011125350306589461,0.0,0.0,mark,153.87,0.0,1.5853392300094504
2021-10-07,SOL,28,2.905793407335947e-05,0.0,0.0,mark,153.9,0.0,1.5853852973615878
2021-10-07,SOL,28,-4.8975338418149174e-05,4.897413914591336e-05,0.0,funding,153.9,0.0,1.585307654481435
2021-10-07,SOL,28,0.007257705405983265,0.0,0.0,mark,161.42,0.0,1.5968552040838981
2021-10-07,SOL,28,-0.010711991545946672,0.0,0.0,mark,150.34,0.0,1.57984099536112
2021-10-07,SOL,28,0.0038029325761160682,0.0,0.0,mark,154.26,0.0,1.585860462707085
2021-10-08,SOL,28,0.0,0.0,0.0,mark,154.26,0.0,1.585860462707085
2021-10-08,SOL,28,-4.907519444319531e-05,4.907399027548211e-05,0.0,funding,154.26,0.0,1.5857826382061597
2021-10-08,SOL,28,0.014143799875939042,0.0,0.0,mark,168.97,0.0,1.6083709965375736
2021-10-08,SOL,28,-0.015956239091532255,0.0,0.0,mark,152.39,0.0,1.5829111065895898
2021-10-08,SOL,28,0.006256916648167246,0.0,0.0,mark,158.86,0.0,1.592846298867241
2021-10-09,SOL,28,1.9280750467539015e-05,0.0,0.0,mark,158.88,0.0,1.5928770104353325
2021-10-09,SOL,28,-5.032235202697551e-05,5.032108587861063e-05,0.0,funding,158.88,0.0,1.5927968551344962
2021-10-09,SOL,28,0.0025611615606799865,0.0,0.0,mark,161.54,0.0,1.5968814936906865
2021-10-09,SOL,28,-0.007102619078205112,0.0,0.0,mark,154.18,0.0,1.5855796366329566
2021-10-09,SOL,28,0.0025728044350297507,0.0,0.0,mark,156.84,0.0,1.589664275189147
2021-10-10,SOL,28,-3.863980831601052e-05,0.0,0.0,mark,156.8,0.0,1.5896028520529637
2021-10-10,SOL,28,-4.976582966898642e-05,4.9764591370675357e-05,0.0,funding,156.8,0.0,1.5895237461165896
2021-10-10,SOL,28,0.0016409582008220808,0.0,0.0,mark,158.5,0.0,1.5921342294043805
2021-10-10,SOL,28,-0.012568645381100344,0.0,0.0,mark,145.55,0.0,1.5722484890650323
2021-10-10,SOL,28,0.0019514480081897843,0.0,0.0,mark,147.55,0.0,1.575319645874198
2021-10-11,SOL,28,9.747678348607637e-06,0.0,0.0,mark,147.56,0.0,1.575335001658244
2021-10-11,SOL,28,-0.00020858401111568492,0.00020856225898333502,0.14383604067816208,rotation,147.56,-0.0015355784045828658,1.5750064462316427
2021-10-11,AVAX,29,-0.0002333312474360382,0.00023330402781773324,0.16089932952947117,entry,56.5,0.0044852651540401136,1.574638990883898
2021-10-11,AVAX,29,-5.28759364706427e-05,5.2874538562970535e-05,0.0,funding,56.5,0.0,1.5745557325738517
2021-10-11,AVAX,29,-0.007835758634226173,0.0,0.0,mark,53.76,0.0,1.5622661060517817
2021-10-11,AVAX,29,0.015582329522226782,0.0,0.0,mark,59.23,0.0,1.586800506444381
2021-10-11,AVAX,29,-0.011170735752189267,0.0,0.0,mark,55.3,0.0,1.5691734143890035
2021-10-12,AVAX,29,0.0,0.0,0.0,mark,55.3,0.0,1.5691734143890035
2021-10-12,AVAX,29,-0.00022922400097552832,0.00022919773116137425,0.15806740080094775,rotation,55.3,-0.0044852651540401136,1.5688137634026267
2021-10-12,SOL,30,-0.00028847776166303606,0.00028843615595444466,0.19892148686513422,entry,144.79,0.0021553337000520573,1.5683612607913024
2021-10-12,SOL,30,-6.537507474944125e-05,6.537293784583918e-05,0.0,funding,144.79,0.0,1.568258732408081
2021-10-12,SOL,30,0.011899492938965993,0.0,0.0,mark,153.5,0.0,1.5870316889355345
2021-10-12,SOL,30,-0.021816323249825634,0.0,0.0,mark,137.61,0.0,1.5527834364417072
2021-10-12,SOL,30,0.02021249023361364,0.0,0.0,mark,152.32,0.0,1.584488395169473
2021-10-13,SOL,30,4.0807299004055874e-05,0.0,0.0,mark,152.35,0.0,1.5845530551804745
2021-10-13,SOL,30,-6.808571441964635e-05,6.80833966399606e-05,0.0,funding,152.35,0.0,1.5844451734263216
2021-10-13,SOL,30,-0.011038386298643782,0.0,0.0,mark,144.28,0.0,1.5670516304669015
2021-10-13,SOL,30,0.01539546960697348,0.0,0.0,mark,155.56,0.0,1.5913637946034886
2021-10-13,SOL,30,-0.010237265919651852,0.0,0.0,mark,148.04,0.0,1.575155685179097
2021-10-14,SOL,30,1.3683212233701402e-05,0.0,0.0,mark,148.05,0.0,1.5751772385160976
2021-10-14,SOL,30,-6.65578029801094e-05,6.655558805876995e-05,0.0,funding,148.05,0.0,1.5750724016686914
2021-10-14,SOL,30,-0.0010679243189141287,0.0,0.0,mark,147.27,0.0,1.5733912413826507
2021-10-14,SOL,30,0.011414080109560394,0.0,0.0,mark,155.65,0.0,1.591452937789087
2021-10-14,SOL,30,-0.007654029032546756,0.0,0.0,mark,150.02,0.0,1.5793184090577939
2021-10-15,SOL,30,-1.364733289368944e-05,0.0,0.0,mark,150.01,0.0,1.5792968557207934
2021-10-15,SOL,30,-6.726305478582109e-05,6.726079267723051e-05,0.0,funding,150.01,0.0,1.5791906309624049
2021-10-15,SOL,30,0.021254997080202058,0.0,0.0,mark,165.75,0.0,1.6131155834012243
2021-10-15,SOL,30,-0.025810255089821113,0.0,0.0,mark,146.68,0.0,1.5720133697412315
2021-10-15,SOL,30,0.022370489262496348,0.0,0.0,mark,163.18,0.0,1.6075763757920905
2021-10-16,SOL,30,-4.022285496911259e-05,0.0,0.0,mark,163.15,0.0,1.607511715781089
2021-10-16,SOL,30,-7.187106472629678e-05,7.186848206322087e-05,0.0,funding,163.15,0.0,1.607396186354177
2021-10-16,SOL,30,0.0022100166349533854,0.0,0.0,mark,164.8,0.0,1.6109524869592629
2021-10-16,SOL,30,-0.011356327169988044,0.0,0.0,mark,156.36,0.0,1.5927614705308235
2021-10-16,SOL,30,0.0015955090755676636,0.0,0.0,mark,157.54,0.0,1.595304764296885
2021-10-17,SOL,30,0.0,0.0,0.0,mark,157.54,0.0,1.595304764296885
2021-10-17,SOL,30,-7.486702534375018e-05,7.486422287792644e-05,0.05163049853650098,resize,157.54,0.0005228283629446703,1.5951853330454524
2021-10-17,SOL,30,-8.690133311009937e-05,8.689755729867927e-05,0.0,funding,157.54,0.0,1.5950467153365722
2021-10-17,SOL,30,0.01683271988897446,0.0,0.0,mark,167.65,0.0,1.622122933793469
2021-10-17,SOL,30,-0.02426487746869948,0.0,0.0,mark,153.13,0.0,1.5832360206387566
2021-10-17,SOL,30,0.011754748887528258,0.0,0.0,mark,160.12,0.0,1.6019563734591038
2021-10-18,SOL,30,-1.6718210897955378e-05,0.0,0.0,mark,160.11,0.0,1.601929591838474
2021-10-18,SOL,30,-8.794719774730362e-05,8.794333050584588e-05,0.0,funding,160.11,0.0,1.6017887128149317
2021-10-18,SOL,30,0.0047871121128562465,0.0,0.0,mark,162.98,0.0,1.6094750379357323
2021-10-18,SOL,30,-0.013519435051685569,0.0,0.0,mark,154.91,0.0,1.5878622700873488
2021-10-18,SOL,30,0.003720558509537952,0.0,0.0,mark,157.12,0.0,1.5937810082465715
2021-10-19,SOL,30,0.0,0.0,0.0,mark,157.12,0.0,1.5937810082465715
2021-10-19,SOL,30,-8.674601536919483e-05,8.674225304238586e-05,0.0,funding,157.12,0.0,1.59364276009106
2021-10-19,SOL,30,-0.006846328387792155,0.0,0.0,mark,153.06,0.0,1.5827694221152935
2021-10-19,SOL,30,0.010754313640650024,0.0,0.0,mark,159.45,0.0,1.5998828776978424
2021-10-19,SOL,30,-0.006162432789161109,0.0,0.0,mark,155.78,0.0,1.5900540229266444
2021-10-20,SOL,30,-1.6843356131606374e-05,0.0,0.0,mark,155.77,0.0,1.5900272413060146
2021-10-20,SOL,30,-8.620368851143095e-05,8.619997308015377e-05,0.0,funding,155.77,0.0,1.5898901810006172
2021-10-20,SOL,30,0.03492577669419028,0.0,0.0,mark,176.87,0.0,1.6463994005298481
2021-10-20,SOL,30,-0.03622367975732761,0.0,0.0,mark,155.0,0.0,1.5878279962121096
2021-10-20,SOL,30,0.035979648249536596,0.0,0.0,mark,176.72,0.0,1.6459976762203985
2021-10-21,SOL,30,0.0,0.0,0.0,mark,176.72,0.0,1.6459976762203985
2021-10-21,SOL,30,-3.804029967225435e-05,3.803957614923332e-05,0.026234190447747118,resize,176.72,-0.00024434934650585747,1.6459350631664524
2021-10-21,SOL,30,-8.585583698627942e-05,8.585215147939812e-05,0.0,funding,176.72,0.0,1.6457937561000842
2021-10-21,SOL,30,0.025535524747816254,0.0,0.0,mark,194.21,0.0,1.6883611405115095
2021-10-21,SOL,30,-0.025565101342083882,0.0,0.0,mark,176.7,0.0,1.6457450798457542
2021-10-21,SOL,30,0.02020269612557184,0.0,0.0,mark,190.5,0.0,1.6793316953333284
2021-10-22,SOL,30,-5.797266308346571e-05,0.0,0.0,mark,190.46,0.0,1.6792343428246688
2021-10-22,SOL,30,-6.762229202747985e-05,6.762000569193692e-05,0.04663448668409443,resize,190.46,-0.0004111636648111471,1.679120792988849
2021-10-22,SOL,30,-7.537889473807878e-05,7.537605382046083e-05,0.0,funding,190.46,0.0,1.6789942274895855
2021-10-22,SOL,30,0.02925126956208389,0.0,0.0,mark,215.1,0.0,1.7288323001229737
2021-10-22,SOL,30,-0.032267511296588364,0.0,0.0,mark,187.96,0.0,1.673937604860386
2021-10-22,SOL,30,0.010014971834760638,0.0,0.0,mark,196.29,0.0,1.6907862714608781
2021-10-23,SOL,30,0.0,0.0,0.0,mark,196.29,0.0,1.6907862714608781
2021-10-23,SOL,30,-3.343139282043521e-05,3.3430833997577796e-05,0.02305574758453641,resize,196.29,0.0001985956569066252,1.6907297470657114
2021-10-23,SOL,30,-8.472855647086256e-05,8.472496710815677e-05,0.0,funding,196.29,0.0,1.6905865000435025
2021-10-23,SOL,30,0.012391720677457422,0.0,0.0,mark,205.78,0.0,1.711666112327987
2021-10-23,SOL,30,-0.018229258728442416,0.0,0.0,mark,191.86,0.0,1.6807463859844651
2021-10-23,SOL,30,0.007753979913017187,0.0,0.0,mark,197.75,0.0,1.6938295173180387
2021-10-24,SOL,30,0.0,0.0,0.0,mark,197.75,0.0,1.6938295173180387
2021-10-24,SOL,30,-8.520257582379273e-05,8.519894618742827e-05,0.0,funding,197.75,0.0,1.693685204828142
2021-10-24,SOL,30,0.009281460288756664,0.0,0.0,mark,204.86,0.0,1.709478254706191
2021-10-24,SOL,30,-0.0258509000130199,0.0,0.0,mark,185.22,0.0,1.665853008629555
2021-10-24,SOL,30,0.02231035334972504,0.0,0.0,mark,202.14,0.0,1.7034364690988362
2021-10-25,SOL,30,1.303970102034547e-05,0.0,0.0,mark,202.15,0.0,1.703458681545922
2021-10-25,SOL,30,-8.660607874646468e-05,8.660232854826374e-05,0.0,funding,202.15,0.0,1.7033111580575144
2021-10-25,SOL,30,0.02164638801329448,0.0,0.0,mark,218.93,0.0,1.7405836442675933
2021-10-25,SOL,30,-0.02707299477156818,0.0,0.0,mark,198.0,0.0,1.694092992516881
2021-10-25,SOL,30,0.015224215800478055,0.0,0.0,mark,209.7,0.0,1.7200815556073412
2021-10-26,SOL,30,3.874005292467671e-05,0.0,0.0,mark,209.73,0.0,1.7201481929485989
2021-10-26,SOL,30,-8.898185249947313e-05,8.897789373182735e-05,0.0,funding,209.73,0.0,1.7199951377854836
2021-10-26,SOL,30,0.005756071706309275,0.0,0.0,mark,214.2,0.0,1.7299241016328646
2021-10-26,SOL,30,-0.02317322570572473,0.0,0.0,mark,196.36,0.0,1.690297096031684
2021-10-26,SOL,30,0.004575776375869141,0.0,0.0,mark,199.85,0.0,1.6980492400646505
2021-10-27,SOL,30,2.616196986808319e-05,0.0,0.0,mark,199.87,0.0,1.6980936649588223
2021-10-27,SOL,30,-8.589977992081665e-05,8.589609064030813e-05,0.0,funding,199.87,0.0,1.6979478053514612
2021-10-27,SOL,30,-0.030455993790696648,0.0,0.0,mark,176.94,0.0,1.6470146641835761
2021-10-27,SOL,30,0.037781148099968166,0.0,0.0,mark,205.49,0.0,1.7104312006137163
2021-10-27,SOL,30,-0.027650338403600372,0.0,0.0,mark,184.49,0.0,1.6637850617334031
2021-10-28,SOL,30,-5.3403629386289935e-05,0.0,0.0,mark,184.45,0.0,1.6636962119450596
2021-10-28,SOL,30,-8.091138384008738e-05,8.090811060240109e-05,0.0,funding,184.45,0.0,1.6635616054279347
2021-10-28,SOL,30,-0.003759065149518605,0.0,0.0,mark,181.64,0.0,1.657319907796807
2021-10-28,SOL,30,0.026112865495067555,0.0,0.0,mark,201.38,0.0,1.7011672783443015
2021-10-28,SOL,30,-0.00781251757979839,0.0,0.0,mark,195.42,0.0,1.6879286598811267
2021-10-29,SOL,30,-6.580010877398187e-05,0.0,0.0,mark,195.37,0.0,1.6878175976456975
2021-10-29,SOL,30,-8.447693285740811e-05,8.447336478186456e-05,0.0,funding,195.37,0.0,1.6876750220140864
2021-10-29,SOL,30,0.012880827832138321,0.0,0.0,mark,205.22,0.0,1.7095542823936618
2021-10-29,SOL,30,-0.014092425641324548,0.0,0.0,mark,194.45,0.0,1.6856314768821867
2021-10-29,SOL,30,0.007823122961487777,0.0,0.0,mark,200.41,0.0,1.6988700953453615
2021-10-30,SOL,30,-6.537631464164005e-05,0.0,0.0,mark,200.36,0.0,1.6987590331099323
2021-10-30,SOL,30,-2.1541230685328847e-05,2.1540998674701933e-05,0.014855861154966848,resize,200.36,-0.0001259559210003338,1.6987224401438514
2021-10-30,SOL,30,-8.119721643390146e-05,8.119392002911872e-05,0.0,funding,200.36,0.0,1.6985845142098948
2021-10-30,SOL,30,0.0003206715579626039,0.0,0.0,mark,200.62,0.0,1.699129289294667
2021-10-30,SOL,30,-0.016562012930078807,0.0,0.0,mark,187.3,0.0,1.6712200426440214
2021-10-30,SOL,30,0.01047641344531933,0.0,0.0,mark,195.7,0.0,1.6888204684597439
2021-10-31,SOL,30,-1.240689478109168e-05,0.0,0.0,mark,195.69,0.0,1.688799515571868
2021-10-31,SOL,30,-7.977058367944616e-05,7.976740209112856e-05,0.0,funding,195.69,0.0,1.6886648044218582
2021-10-31,SOL,30,0.011485599402682114,0.0,0.0,mark,205.0,0.0,1.7081719430342839
2021-10-31,SOL,30,-0.02444872283603808,0.0,0.0,mark,185.31,0.0,1.6669157068067153
2021-10-31,SOL,30,0.02136514123703407,0.0,0.0,mark,202.49,0.0,1.702912768177443
2021-11-01,SOL,30,4.9215374197712735e-05,0.0,0.0,mark,202.53,0.0,1.7029965797289464
2021-11-01,SOL,30,-8.18706569448625e-05,8.186730563415237e-05,0.0,funding,202.53,0.0,1.7028571599874598
2021-11-01,SOL,30,0.011171419118921711,0.0,0.0,mark,211.66,0.0,1.72198714661812
2021-11-01,SOL,30,-0.017132246347201886,0.0,0.0,mark,197.7,0.0,1.6927369151434193
2021-11-01,SOL,30,0.007645131085031444,0.0,0.0,mark,203.9,0.0,1.7057277056264526
2021-11-02,SOL,30,1.228376552531572e-05,0.0,0.0,mark,203.91,0.0,1.7057486585143284
2021-11-02,SOL,30,-0.0003632572203317544,0.0003631912504159587,0.25047672442479907,rotation,203.91,-0.0020952887875860145,1.7051291455261472
2021-11-02,DOT,31,-0.00032353366956635395,0.0003234813381924376,0.22309057806375007,entry,49.98,0.007611009338711013,1.7045775680683615
2021-11-02,DOT,31,-7.33210508151459e-05,7.331836289257381e-05,0.0,funding,49.98,0.0,1.7044525912316473
2021-11-02,DOT,31,0.014936190368203574,0.0,0.0,mark,53.35,0.0,1.7301016927031034
2021-11-02,DOT,31,-0.023771886861292994,0.0,0.0,mark,48.01,0.0,1.6894589028343865
2021-11-02,DOT,31,0.016309517287420524,0.0,0.0,mark,51.66,0.0,1.7172390869206817
2021-11-03,DOT,31,0.0,0.0,0.0,mark,51.66,0.0,1.7172390869206817
2021-11-03,DOT,31,-5.3768143093399276e-05,5.376669761265864e-05,0.03708048111217837,resize,51.66,-0.0012325987519871615,1.7171467566459666
2021-11-03,DOT,31,-6.304696306380715e-05,6.304497564581085e-05,0.0,funding,51.66,0.0,1.7170384991705137
2021-11-03,DOT,31,-0.009667848995437269,0.0,0.0,mark,49.07,0.0,1.7005184157508988
2021-11-03,DOT,31,0.02030957459026553,0.0,0.0,mark,54.54,0.0,1.7354083216602783
2021-11-03,DOT,31,-0.004420297953095072,0.0,0.0,mark,53.34,0.0,1.7277542289562096
2021-11-04,DOT,31,3.6916667577680144e-05,0.0,0.0,mark,53.35,0.0,1.7278180130620768
2021-11-04,DOT,31,-5.21892494553691e-05,5.218788762020996e-05,0.035991646634627554,resize,53.35,0.0011656422750716882,1.727727841889783
2021-11-04,DOT,31,-7.653700363434955e-05,7.653407475267095e-05,0.0,funding,53.35,0.0,1.7275956118379796
2021-11-04,DOT,31,-0.005210032651358163,0.0,0.0,mark,52.16,0.0,1.7186181889324428
2021-11-04,DOT,31,0.012779531830445287,0.0,0.0,mark,55.09,0.0,1.7407222638175037
2021-11-04,DOT,31,-0.005519209630962205,0.0,0.0,mark,53.82,0.0,1.7311413166830234
2021-11-05,DOT,31,4.357754283046322e-05,0.0,0.0,mark,53.83,0.0,1.7312167572116413
2021-11-05,DOT,31,-7.707000947725763e-05,7.706703966044439e-05,0.0,funding,53.83,0.0,1.7310833374611525
2021-11-05,DOT,31,0.00043570458618072763,0.0,0.0,mark,53.93,0.0,1.7318377427473322
2021-11-05,DOT,31,-0.014788864402675102,0.0,0.0,mark,50.56,0.0,1.7064142846030812
2021-11-05,DOT,31,0.005291173720114362,0.0,0.0,mark,51.76,0.0,1.7154671480372359
2021-11-06,DOT,31,-4.397763464277597e-05,0.0,0.0,mark,51.75,0.0,1.715391707508618
2021-11-06,DOT,31,-7.477544897229355e-05,7.477265335805476e-05,0.0,funding,51.75,0.0,1.7152634431190992
2021-11-06,DOT,31,-0.012168759783208121,0.0,0.0,mark,49.0,0.0,1.6945172977491614
2021-11-06,DOT,31,0.015111213169300437,0.0,0.0,mark,52.42,0.0,1.720317958536502
2021-11-06,DOT,31,-0.0017556468810935497,0.0,0.0,mark,52.02,0.0,1.717300337391784
2021-11-07,DOT,31,4.392875840233892e-05,0.0,0.0,mark,52.03,0.0,1.7173757779204017
2021-11-07,DOT,31,-7.509318815675683e-05,7.509036873385587e-05,0.0,funding,52.03,0.0,1.717246819539983
2021-11-07,DOT,31,-0.0032561964922806436,0.0,0.0,mark,51.29,0.0,1.7116642204222543
2021-11-07,DOT,31,0.009824243423552826,0.0,0.0,mark,53.53,0.0,1.7285628988326762
2021-11-07,DOT,31,-0.005733704337215072,0.0,0.0,mark,52.22,0.0,1.718680189583724
2021-11-08,DOT,31,0.0,0.0,0.0,mark,52.22,0.0,1.718680189583724
2021-11-08,DOT,31,-0.00033241966195773974,0.0003323644166636097,0.2292168390783515,rotation,52.22,-0.00754405286179554,1.7181089614450817
2021-11-08,BNB,32,-0.0004453865373610242,0.0004452873675007092,0.30709473620738564,entry,649.5,0.0008123513753510741,1.7173439092285605
2021-11-08,BNB,32,-0.00010094358909901676,0.00010093849446642233,0.0,funding,649.5,0.0,1.717170563119882
2021-11-08,BNB,32,0.0029287752376797793,0.0,0.0,mark,655.7,0.0,1.7222071416470586
2021-11-08,BNB,32,-0.011719195337539613,0.0,0.0,mark,631.0,0.0,1.702142062675887
2021-11-08,BNB,32,0.010680934074222829,0.0,0.0,mark,653.5,0.0,1.7204199686212862
2021-11-09,BNB,32,4.721708721620087e-05,0.0,0.0,mark,653.6,0.0,1.7205012037588214
2021-11-09,BNB,32,-0.0004475753615547589,0.0004474752146442796,0.3086035963063997,rotation,653.6,-0.0008123513753510741,1.7197313221133737
2021-11-09,AVAX,33,-0.00034913655589987485,0.0003490756148250865,0.2407418033276458,entry,91.18,0.004540592451465344,1.719131005844773
2021-11-09,AVAX,33,-7.91245659180458e-05,7.912143565213969e-05,0.0,funding,91.18,0.0,1.7189949857315165
2021-11-09,AVAX,33,0.0008185059830854879,0.0,0.0,mark,91.49,0.0,1.7204025693914708
2021-11-09,AVAX,33,-0.011921058928229105,0.0,0.0,mark,87.0,0.0,1.7000153092843915
2021-11-09,AVAX,33,0.00354601930439208,0.0,0.0,mark,88.33,0.0,1.7060542972448405
2021-11-10,AVAX,33,5.322775033720827e-05,0.0,0.0,mark,88.35,0.0,1.7061451090938697
2021-11-10,AVAX,33,-7.725220914326572e-05,7.724922526813174e-05,0.0,funding,88.35,0.0,1.7060133107059972
2021-11-10,AVAX,33,0.014925657060622363,0.0,0.0,mark,94.0,0.0,1.7316676580567765
2021-11-10,AVAX,33,-0.04201085547734659,0.0,0.0,mark,78.31,0.0,1.6604257624932852
2021-11-10,AVAX,33,0.01874657902206957,0.0,0.0,mark,85.23,0.0,1.6918466622574253
2021-11-11,AVAX,33,-0.00010735810264193581,0.0,0.0,mark,85.19,0.0,1.6916650385593666
2021-11-11,AVAX,33,-7.512666359187938e-05,7.512384165476572e-05,0.0,funding,85.19,0.0,1.691537954182877
2021-11-11,AVAX,33,0.011662115964565314,0.0,0.0,mark,89.56,0.0,1.7113803431957806
2021-11-11,AVAX,33,-0.015588891179856321,0.0,0.0,mark,83.73,0.0,1.6849086892037377
2021-11-11,AVAX,33,0.011121592751718657,0.0,0.0,mark,87.88,0.0,1.7037521478773188
2021-11-12,AVAX,33,-5.330251199606754e-05,0.0,0.0,mark,87.86,0.0,1.7036613360282895
2021-11-12,AVAX,33,-0.0003395957111704462,0.00033953805507371394,0.23416417591290617,rotation,87.86,-0.004540592451465344,1.7030828781717502
2021-11-12,SOL,34,-0.000384960423700564,0.0003848863359439009,0.26543885237510406,entry,233.34,0.0019373633525396354,1.7024273848429619
2021-11-12,SOL,34,-8.72452202911952e-05,8.72414145376584e-05,0.0,funding,233.34,0.0,1.7022788626697605
2021-11-12,SOL,34,0.006522754759718664,0.0,0.0,mark,239.09,0.0,1.7134187019468634
2021-11-12,SOL,34,-0.02086271160853945,0.0,0.0,mark,220.83,0.0,1.6780424471294897
2021-11-12,SOL,34,0.008793437943318175,0.0,0.0,mark,228.48,0.0,1.6928632767764178
2021-11-13,SOL,34,-2.2888859971308573e-05,0.0,0.0,mark,228.46,0.0,1.6928245295093671
2021-11-13,SOL,34,-8.590510730866288e-05,8.590141757060521e-05,0.0,funding,228.46,0.0,1.692679113482584
2021-11-13,SOL,34,0.015344597331490033,0.0,0.0,mark,241.97,0.0,1.7188528923753945
2021-11-13,SOL,34,-0.019553958979652987,0.0,0.0,mark,224.79,0.0,1.6855689899787636
2021-11-13,SOL,34,0.019125559445320035,0.0,0.0,mark,241.59,0.0,1.7181166943014294
2021-11-14,SOL,34,-1.1276150694475971e-05,0.0,0.0,mark,241.58,0.0,1.718097320667904
2021-11-14,SOL,34,-0.000395073668627607,0.00039499563730222356,0.27241078434636107,rotation,241.58,-0.0019373633525396354,1.7174186797217796
2021-11-14,BNB,35,-0.00045569053477312224,0.000455586723610491,0.31419774042102827,entry,649.5,0.0008308068799468034,1.7166362465724176
2021-11-14,BNB,35,-0.00010327956723208582,0.0001032742340811592,0.0,funding,649.5,0.0,1.7164589622788569
2021-11-14,BNB,35,0.00555083851728504,0.0,0.0,mark,661.0,0.0,1.7260132413982452
2021-11-14,BNB,35,-0.012837679215015527,0.0,0.0,mark,634.5,0.0,1.7039968590796548
2021-11-14,BNB,35,0.007915873672052553,0.0,0.0,mark,650.8,0.0,1.7175390112227877
2021-11-15,BNB,35,-4.83731064641596e-05,0.0,0.0,mark,650.7,0.0,1.7174559305347932
2021-11-15,BNB,35,-0.00010342100836336744,0.0001034156605953363,0.0,funding,650.7,0.0,1.7172783186951937
2021-11-15,BNB,35,0.0042483396204234134,0.0,0.0,mark,659.5,0.0,1.7245894192387254
2021-11-15,BNB,35,-0.01416673775984981,0.0,0.0,mark,630.3,0.0,1.7003298583442787
2021-11-15,BNB,35,0.001708692278007864,0.0,0.0,mark,633.8,0.0,1.7032376824240925
2021-11-16,BNB,35,4.877690451485082e-05,0.0,0.0,mark,633.9,0.0,1.7033207631120872
2021-11-16,BNB,35,-0.00044842495010722006,0.0004483244226661568,0.3091892570111426,rotation,633.9,-0.0008308068799468034,1.7025571228143497
2021-11-16,SOL,36,-0.000375412091739957,0.00037534163343783133,0.2588562989226423,entry,238.18,0.0018503553426656525,1.7019180822428512
2021-11-16,SOL,36,-8.50807428614911e-05,8.507712359767438e-05,0.0,funding,238.18,0.0,1.7017732879478151
2021-11-16,SOL,36,3.26187720381566e-05,0.0,0.0,mark,238.21,0.0,1.701828798608095
2021-11-16,SOL,36,-0.02688775962010175,0.0,0.0,mark,213.81,0.0,1.6566801282470531
2021-11-16,SOL,36,0.005824421460911612,0.0,0.0,mark,219.04,0.0,1.6663574866891944
2021-11-17,SOL,36,5.5519418629943036e-05,0.0,0.0,mark,219.09,0.0,1.6664500044563277
2021-11-17,SOL,36,-7.99270496658431e-05,7.992385558437041e-05,0.0,funding,219.09,0.0,1.666316815346833
2021-11-17,SOL,36,0.003713093035897755,0.0,0.0,mark,222.44,0.0,1.672515505744763
2021-11-17,SOL,36,-0.014385709971673828,0.0,0.0,mark,209.53,0.0,1.6486274182709493
2021-11-17,SOL,36,0.010506036116922435,0.0,0.0,mark,218.94,0.0,1.666039262045433
2021-11-18,SOL,36,-4.4426238619662805e-05,0.0,0.0,mark,218.9,0.0,1.6659652478317264
2021-11-18,SOL,36,-0.0003525977428626196,0.00035253558758394576,0.24312799143720398,rotation,218.9,-0.0018503553426656525,1.6653779357941876
2021-11-18,BNB,37,-0.0004437450794951578,0.0004436466392086152,0.30596319945421735,entry,577.9,0.0008817171855616021,1.6646390964699602
2021-11-18,BNB,37,-0.00010057146346337245,0.00010056640632328482,0.0,funding,577.9,0.0,1.664471689698203
2021-11-18,BNB,37,-0.03663133780321581,0.0,0.0,mark,510.0,0.0,1.6046030927985702
2021-11-18,BNB,37,0.04207270462252125,0.0,0.0,mark,588.2,0.0,1.6735533767094875
2021-11-18,BNB,37,-0.03016495011760396,0.0,0.0,mark,531.8,0.0,1.623824527443813
2021-11-19,BNB,37,5.429732298250978e-05,0.0,0.0,mark,531.9,0.0,1.6239126991623691
2021-11-19,BNB,37,-9.488733380865399e-05,9.488283214796131e-05,0.0,funding,531.9,0.0,1.6237586177263115
2021-11-19,BNB,37,0.028689819554687607,0.0,0.0,mark,585.5,0.0,1.6710186588724134
2021-11-19,BNB,37,-0.03304336257709823,0.0,0.0,mark,523.9,0.0,1.6167048802418187
2021-11-19,BNB,37,0.030666102848891538,0.0,0.0,mark,581.0,0.0,1.6670509315373863
2021-11-20,BNB,37,0.0,0.0,0.0,mark,581.0,0.0,1.6670509315373863
2021-11-20,BNB,37,-0.0001009646897342709,0.00010095959297157312,0.0,funding,581.0,0.0,1.6668826267538754
2021-11-20,BNB,37,0.012510703902145523,0.0,0.0,mark,604.8,0.0,1.6878674957702415
2021-11-20,BNB,37,-0.016963883477016137,0.0,0.0,mark,572.6,0.0,1.659476202395158
2021-11-20,BNB,37,0.016702656705112423,0.0,0.0,mark,604.3,0.0,1.6874266371774607
2021-11-21,BNB,37,5.22508138201407e-05,0.0,0.0,mark,604.4,0.0,1.6875148088960168
2021-11-21,BNB,37,-3.4869856756298794e-05,3.4869248809883125e-05,0.024047757799919394,resize,604.4,-6.714253376589787e-05,1.687455966522275
2021-11-21,BNB,37,-9.585940634191277e-05,9.58548119759024e-05,0.0,funding,604.4,0.0,1.6872942157478865
2021-11-21,BNB,37,0.0003861412592423054,0.0,0.0,mark,605.2,0.0,1.687945875469323
2021-11-21,BNB,37,-0.012431081643366128,0.0,0.0,mark,579.6,0.0,1.667092764383353
2021-11-21,BNB,37,0.0021476196463785426,0.0,0.0,mark,584.0,0.0,1.670676892851254
2021-11-22,BNB,37,0.0,0.0,0.0,mark,584.0,0.0,1.670676892851254
2021-11-22,BNB,37,-0.00041296091084930747,0.00041287565422862163,0.28474183050249763,rotation,584.0,-0.0008145746517957042,1.6699871110361135
2021-11-22,AVAX,38,-0.00028375621385916017,0.000283715958872292,0.19566617853261511,entry,128.52,0.0025424836306812814,1.6695133090416014
2021-11-22,AVAX,38,-6.430488736032621e-05,6.430281984546872e-05,0.0,funding,128.52,0.0,1.6694059546280606
2021-11-22,AVAX,38,0.024789023935221574,0.0,0.0,mark,145.0,0.0,1.7113060848616881
2021-11-22,AVAX,38,-0.029001327467928523,0.0,0.0,mark,125.76,0.0,1.6623886998073802
2021-11-22,AVAX,38,0.01379155374448173,0.0,0.0,mark,134.84,0.0,1.6854744511739663
2021-11-23,AVAX,38,0.0,0.0,0.0,mark,134.84,0.0,1.6854744511739663
2021-11-23,AVAX,38,-6.682827768090906e-05,6.682604472136101e-05,0.0,funding,134.84,0.0,1.6853618175829155
2021-11-23,AVAX,38,0.0024860451364546237,0.0,0.0,mark,136.49,0.0,1.6895569155735397
2021-11-23,AVAX,38,-0.022430786490453915,0.0,0.0,mark,121.75,0.0,1.6520807068572976
2021-11-23,AVAX,38,0.0031959212589057714,0.0,0.0,mark,123.83,0.0,1.6573690728091146
2021-11-24,AVAX,38,0.0,0.0,0.0,mark,123.83,0.0,1.6573690728091146
2021-11-24,AVAX,38,-6.241218425161982e-05,6.241023665175115e-05,0.0,funding,123.83,0.0,1.6572656360130613
2021-11-24,AVAX,38,0.0013031726444856036,0.0,0.0,mark,124.68,0.0,1.6594267470991404
2021-11-24,AVAX,38,-0.018619303172816633,0.0,0.0,mark,112.64,0.0,1.6288152441857378
2021-11-24,AVAX,38,0.004050231944400787,0.0,0.0,mark,115.24,0.0,1.6354257016255092
2021-11-25,AVAX,38,1.554618999336313e-05,0.0,0.0,mark,115.25,0.0,1.635451126461816
2021-11-25,AVAX,38,-5.886610940586901e-05,5.8864376830440594e-05,0.0,funding,115.25,0.0,1.6353548566504201
2021-11-25,AVAX,38,0.022672819904216275,0.0,0.0,mark,130.0,0.0,1.672856490202969
2021-11-25,AVAX,38,-0.024275442803048178,0.0,0.0,mark,114.22,0.0,1.6327360985108184
2021-11-25,AVAX,38,0.007833061041887227,0.0,0.0,mark,119.27,0.0,1.645575640845759
2021-11-26,AVAX,38,-3.090131928094679e-05,0.0,0.0,mark,119.25,0.0,1.6455247911731452
2021-11-26,AVAX,38,-6.0536358123896665e-05,6.05345258356005e-05,0.0,funding,119.25,0.0,1.645425180110161
2021-11-26,AVAX,38,-0.028112056695376465,0.0,0.0,mark,101.31,0.0,1.5998130237757386
2021-11-26,AVAX,38,0.029069611784718386,0.0,0.0,mark,119.87,0.0,1.6470015199611832
2021-11-26,AVAX,38,-0.024376497251118623,0.0,0.0,mark,104.27,0.0,1.6073387753225552
2021-11-27,AVAX,38,4.745278368623173e-05,0.0,0.0,mark,104.3,0.0,1.6074150498314757
2021-11-27,AVAX,38,-5.420224001072956e-05,5.4200771095945006e-05,0.0,funding,104.3,0.0,1.6073279266963036
2021-11-27,AVAX,38,-0.0017098131733601636,0.0,0.0,mark,103.22,0.0,1.604582044375168
2021-11-27,AVAX,38,0.02314910528207385,0.0,0.0,mark,118.0,0.0,1.6421599524366373
2021-11-27,AVAX,38,-0.006960353028302843,0.0,0.0,mark,113.52,0.0,1.630769625771185
2021-11-28,AVAX,38,4.6770999417343434e-05,0.0,0.0,mark,113.55,0.0,1.6308459002801055
2021-11-28,AVAX,38,-5.8161557622602506e-05,5.815986627208716e-05,0.0,funding,113.55,0.0,1.6307510505006348
2021-11-28,AVAX,38,0.0006546024645018813,0.0,0.0,mark,113.97,0.0,1.631818893625521
2021-11-28,AVAX,38,-0.021099131024295382,0.0,0.0,mark,100.57,0.0,1.5977496129743918
2021-11-28,AVAX,38,0.015552638778849878,0.0,0.0,mark,110.42,0.0,1.6227930767366023
2021-11-29,AVAX,38,0.0,0.0,0.0,mark,110.42,0.0,1.6227930767366023
2021-11-29,AVAX,38,-5.683896038731999e-05,5.6837345084128324e-05,0.0,funding,110.42,0.0,1.6227008414864996
2021-11-29,AVAX,38,0.015531315606956907,0.0,0.0,mark,120.41,0.0,1.6481002529570057
2021-11-29,AVAX,38,-0.017711573439253697,0.0,0.0,mark,109.03,0.0,1.6191667892398527
2021-11-29,AVAX,38,0.017680719456321582,0.0,0.0,mark,120.39,0.0,1.648049403284392
2021-11-30,AVAX,38,0.0,0.0,0.0,mark,120.39,0.0,1.648049403284392
2021-11-30,AVAX,38,-1.8765936208681533e-05,1.8765760129580184e-05,0.012941903537641505,resize,120.39,-0.0001771650170493749,1.6480184763846082
2021-11-30,AVAX,38,-5.677031923796717e-05,5.676870783381218e-05,0.0,funding,120.39,0.0,1.6479249205052175
2021-11-30,AVAX,38,0.0063098629685296136,0.0,0.0,mark,124.8,0.0,1.6583559755913342
2021-11-30,AVAX,38,-0.015523951139615211,0.0,0.0,mark,114.0,0.0,1.6328105345641095
2021-11-30,AVAX,38,0.009242794389854234,0.0,0.0,mark,120.41,0.0,1.6479722268774901
2021-12-01,AVAX,38,1.4352800372771571e-05,0.0,0.0,mark,120.42,0.0,1.6479958800636265
2021-12-01,AVAX,38,-5.678524485913698e-05,5.678363260770441e-05,0.0,funding,120.42,0.0,1.647902300871034
2021-12-01,AVAX,38,0.009983107720910201,0.0,0.0,mark,127.41,0.0,1.664435877980321
2021-12-01,AVAX,38,-0.014543554203147917,0.0,0.0,mark,117.25,0.0,1.6404042408658208
2021-12-01,AVAX,38,0.003454614819671398,0.0,0.0,mark,119.65,0.0,1.6460810055385373
2021-12-02,AVAX,38,-1.4369497004929568e-05,0.0,0.0,mark,119.64,0.0,1.646057352352401
2021-12-02,AVAX,38,-5.6483861253169545e-05,5.648226607001248e-05,0.0,funding,119.64,0.0,1.645964379303059
2021-12-02,AVAX,38,0.00015806203865827056,0.0,0.0,mark,119.75,0.0,1.6462245643505584
2021-12-02,AVAX,38,-0.018664907744721147,0.0,0.0,mark,106.88,0.0,1.6157829137931157
2021-12-02,AVAX,38,0.0013166283855948725,0.0,0.0,mark,107.78,0.0,1.6179117005453845
2021-12-03,AVAX,38,1.4619471031958616e-05,0.0,0.0,mark,107.79,0.0,1.6179353537315209
2021-12-03,AVAX,38,-5.17737020800432e-05,5.1772361845020064e-05,0.0,funding,107.79,0.0,1.6178515893969456
2021-12-03,AVAX,38,0.007921884719749606,0.0,0.0,mark,113.23,0.0,1.630718922655103
2021-12-03,AVAX,38,-0.019376311227210206,0.0,0.0,mark,100.0,0.0,1.599425757396753
2021-12-03,AVAX,38,0.012228992871032298,0.0,0.0,mark,108.32,0.0,1.6191052082621704
2021-12-04,AVAX,38,5.843349759640603e-05,0.0,0.0,mark,108.36,0.0,1.6191998210067158
2021-12-04,AVAX,38,-5.2006845613655985e-05,5.200549328110076e-05,0.0,funding,108.36,0.0,1.6191156137213036
2021-12-04,AVAX,38,0.0006571758425511126,0.0,0.0,mark,108.81,0.0,1.620180007097438
2021-12-04,AVAX,38,-0.0363123990423043,0.0,0.0,mark,84.38316016854272,0.0,1.5624027481718867
2021-12-04,AVAX,38,-0.00018525104623468922,0.00018523388831915877,0.12774750918562675,stop,84.38316016854272,-0.0023653186136319065,1.5621133382357224
2021-12-06,BNB,39,-0.00038302021977258574,0.0003829468768924044,0.26410129440855473,entry,557.7,0.0007397456601056531,1.561515131811493
2021-12-06,BNB,39,-8.680540030745231e-05,8.680163282768873e-05,0.0,funding,557.7,0.0,1.5613795897483667
2021-12-06,BNB,39,0.016586014777157015,0.0,0.0,mark,593.0,0.0,1.5874926115500962
2021-12-06,BNB,39,-0.02835731616742444,0.0,0.0,mark,533.0,0.0,1.543107871943757
2021-12-06,BNB,39,0.025791116012449357,0.0,0.0,mark,587.5,0.0,1.583424010419515
2021-12-07,BNB,39,0.0,0.0,0.0,mark,587.5,0.0,1.583424010419515
2021-12-07,BNB,39,-9.017863849578003e-05,9.01745725245865e-05,0.0,funding,587.5,0.0,1.5832812258362503
2021-12-07,BNB,39,0.003078928099375349,0.0,0.0,mark,594.1,0.0,1.5881635471929476
2021-12-07,BNB,39,-0.010253115524004708,0.0,0.0,mark,572.2,0.0,1.5719631172366337
2021-12-07,BNB,39,0.003054147883351895,0.0,0.0,mark,578.7,0.0,1.5767714640273205
2021-12-08,BNB,39,0.0,0.0,0.0,mark,578.7,0.0,1.5767714640273205
2021-12-08,BNB,39,-8.920260721103561e-05,8.919862877680461e-05,0.0,funding,578.7,0.0,1.576630818174835
2021-12-08,BNB,39,0.013468595387152326,0.0,0.0,mark,607.6,0.0,1.5980094677518883
2021-12-08,BNB,39,-0.018973287799212396,0.0,0.0,mark,567.0,0.0,1.5679757939515988
2021-12-08,BNB,39,0.018788103875925166,0.0,0.0,mark,607.2,0.0,1.5977135694878462
2021-12-09,BNB,39,4.6299195897698486e-05,0.0,0.0,mark,607.3,0.0,1.5977875440538567
2021-12-09,BNB,39,-1.5975398634702137e-05,1.5975271028727017e-05,0.011017428295673804,resize,607.3,-2.898651358197615e-05,1.597762018964794
2021-12-09,BNB,39,-8.876135854347979e-05,8.875741937060902e-05,0.0,funding,607.3,0.0,1.5976202057312223
2021-12-09,BNB,39,-0.017774527765151146,0.0,0.0,mark,567.7,0.0,1.5694741435288848
2021-12-09,BNB,39,0.02208063906814173,0.0,0.0,mark,617.0,0.0,1.604514569452502
2021-12-09,BNB,39,-0.020949118192374345,0.0,0.0,mark,570.2,0.0,1.571251041395194
2021-12-10,BNB,39,0.0,0.0,0.0,mark,570.2,0.0,1.571251041395194
2021-12-10,BNB,39,-8.474488897577793e-05,8.474129822911642e-05,0.0,funding,570.2,0.0,1.5711178915421022
2021-12-10,BNB,39,0.011201556463605966,0.0,0.0,mark,595.1,0.0,1.5888157942905419
2021-12-10,BNB,39,-0.02029055081940628,0.0,0.0,mark,550.2,0.0,1.5569027086116287
2021-12-10,BNB,39,0.0010038426971703907,0.0,0.0,mark,552.4,0.0,1.5584663787339808
2021-12-11,BNB,39,4.560527895617823e-05,0.0,0.0,mark,552.5,0.0,1.558537454648633
2021-12-11,BNB,39,-8.278401648448408e-05,8.27805899824308e-05,0.0,funding,552.5,0.0,1.5584084379986276
2021-12-11,BNB,39,-0.004800344764585322,0.0,0.0,mark,542.0,0.0,1.550945466960129
2021-12-11,BNB,39,0.013970984540589641,0.0,0.0,mark,572.7,0.0,1.572765772758406
2021-12-11,BNB,39,-0.003712600268825917,0.0,0.0,mark,564.5,0.0,1.5669375477569116
2021-12-12,BNB,39,4.535873354336457e-05,0.0,0.0,mark,564.6,0.0,1.567008623671564
2021-12-12,BNB,39,-0.0003713988823358934,0.0003713299223083898,0.25608960159199295,rotation,564.6,-0.0007107591465236769,1.5664267464810793
2022-01-01,AVAX,1,-0.0005332412946153567,0.0005330991467436813,0.36765458396115946,entry,109.43,0.0033597238779234165,0.9994669008532563
2022-01-01,AVAX,1,-0.00012086173793236764,0.00012085443444677804,0.0,funding,109.43,0.0,0.9993461108462054
2022-01-01,AVAX,1,0.01690131035350798,0.0,0.0,mark,114.5,0.0,1.016379910907277
2022-01-01,AVAX,1,-0.020302629711885605,0.0,0.0,mark,108.42,0.0,0.9959527897295027
2022-01-01,AVAX,1,0.019078817005537475,0.0,0.0,mark,114.13,0.0,1.0151368130724454
2022-01-02,AVAX,1,-3.3096814469244546e-05,0.0,0.0,mark,114.12,0.0,1.0151032158336661
2022-01-02,AVAX,1,-1.5175853927874783e-05,1.5175738775057253e-05,0.010466026741418794,resize,114.12,-9.309584123918125e-05,1.0150878108924328
2022-01-02,AVAX,1,-0.00012066326100073844,0.00012065598148216483,0.0,funding,114.12,0.0,1.014965334476319
2022-01-02,AVAX,1,-0.006846524907446275,0.0,0.0,mark,112.0,0.0,1.0080400830385483
2022-01-02,AVAX,1,0.01776169479959999,0.0,0.0,mark,117.53,0.0,1.026104536081412
2022-01-02,AVAX,1,-0.014429462095977303,0.0,0.0,mark,113.03,0.0,1.011404709916333
2022-01-03,AVAX,1,-3.2298453413008116e-05,0.0,0.0,mark,113.02,0.0,1.0113720436359661
2022-01-03,AVAX,1,-0.00011993918932986241,0.00011993199691288818,0.0,funding,113.02,0.0,1.011250747767151
2022-01-03,AVAX,1,0.003579203259782039,0.0,0.0,mark,114.13,0.0,1.0148767048878706
2022-01-03,AVAX,1,-0.026483819959738326,0.0,0.0,mark,106.01,0.0,0.9883516852299947
2022-01-03,AVAX,1,0.0069167908715015445,0.0,0.0,mark,108.11,0.0,0.9952116041070316
2022-01-04,AVAX,1,0.0,0.0,0.0,mark,108.11,0.0,0.9952116041070316
2022-01-04,AVAX,1,-0.00011659138463803427,0.00011658458812672552,0.0,funding,108.11,0.0,0.9950955777720678
2022-01-04,AVAX,1,0.0038334346584379137,0.0,0.0,mark,109.28,0.0,0.9989175325749884
2022-01-04,AVAX,1,-0.021485255210998387,0.0,0.0,mark,102.78,0.0,0.9776844503365408
2022-01-04,AVAX,1,0.001835967252168999,0.0,0.0,mark,103.33,0.0,0.9794810957567172
2022-01-05,AVAX,1,0.0,0.0,0.0,mark,103.33,0.0,0.9794810957567172
2022-01-05,AVAX,1,-0.0001132258693951388,0.00011321945958835934,0.0,funding,103.33,0.0,0.9793701994363786
2022-01-05,AVAX,1,-0.04408481817871683,0.0,0.0,mark,90.4,0.0,0.9371326989220514
2022-01-05,AVAX,1,0.055130595044561914,0.0,0.0,mark,106.66,0.0,0.990248070798537
2022-01-05,AVAX,1,-0.03095509386507001,0.0,0.0,mark,97.42,0.0,0.9600644277395747
2022-01-06,AVAX,1,0.0,0.0,0.0,mark,97.42,0.0,0.9600644277395747
2022-01-06,AVAX,1,-0.00010890858169782653,0.000108902651373514,0.0,funding,97.42,0.0,0.9599598741779044
2022-01-06,AVAX,1,0.0018698346430930481,0.0,0.0,mark,97.97,0.0,0.9617565195980807
2022-01-06,AVAX,1,-0.023819345241807677,0.0,0.0,mark,91.04,0.0,0.939118787303859
2022-01-06,AVAX,1,0.014057800537560035,0.0,0.0,mark,95.11,0.0,0.9524139634131639
2022-01-07,AVAX,1,-3.429899375201106e-05,0.0,0.0,mark,95.1,0.0,0.952381297132797
2022-01-07,AVAX,1,-0.00010717256808083188,0.00010716682530632377,0.0,funding,95.1,0.0,0.9522792334527022
2022-01-07,AVAX,1,0.001508205444347768,0.0,0.0,mark,95.54,0.0,0.9537165497888432
2022-01-07,AVAX,1,-0.03676891213403155,0.0,0.0,mark,85.0,0.0,0.9192862902821913
2022-01-07,AVAX,1,0.006163948169986777,0.0,0.0,mark,86.74,0.0,0.9249702230660218
2022-01-08,AVAX,1,0.0,0.0,0.0,mark,86.74,0.0,0.9249702230660218
2022-01-08,AVAX,1,-0.00010064778639314808,0.00010064272157465909,0.0,funding,86.74,0.0,0.924877131545397
2022-01-08,AVAX,1,-0.027064573153952633,0.0,0.0,mark,79.18,0.0,0.9001814235880642
2022-01-08,AVAX,1,0.037255153238357916,0.0,0.0,mark,89.64,0.0,0.9343503528517813
2022-01-08,AVAX,1,-0.020271990500511886,0.0,0.0,mark,83.9,0.0,0.9155999079212137
2022-01-09,AVAX,1,-0.00010703811255513274,0.0,0.0,mark,83.87,0.0,0.9155019090801132
2022-01-09,AVAX,1,-9.832397913931042e-05,9.831914549538467e-05,0.0,funding,83.87,0.0,0.9154118977147131
2022-01-09,AVAX,1,0.028182628510065328,0.0,0.0,mark,91.88,0.0,0.9415775882885538
2022-01-09,AVAX,1,-0.03322688464666816,0.0,0.0,mark,82.46,0.0,0.9108059521829882
2022-01-09,AVAX,1,0.024340769852892682,0.0,0.0,mark,89.33,0.0,0.9332476867950089
2022-01-10,AVAX,1,-3.500341072154028e-05,0.0,0.0,mark,89.32,0.0,0.933215020514642
2022-01-10,AVAX,1,-0.00010272591236237736,0.000102720636236469,0.0,funding,89.32,0.0,0.9331191600739893
2022-01-10,AVAX,1,0.010724631758022409,0.0,0.0,mark,92.4,0.0,0.9431803744269768
2022-01-10,AVAX,1,-0.04353404731784521,0.0,0.0,mark,80.1,0.0,0.9030008495757607
2022-01-10,AVAX,1,0.015293117836098004,0.0,0.0,mark,84.36,0.0,0.9169166850120355
2022-01-11,AVAX,1,0.00021373450872529153,0.0,0.0,mark,84.42,0.0,0.9171126826942365
2022-01-11,AVAX,1,-9.879496415839551e-05,9.879008409667335e-05,0.0,funding,84.42,0.0,0.917022081055187
2022-01-11,AVAX,1,-0.004319593833676182,0.0,0.0,mark,83.21,0.0,0.913069461130799
2022-01-11,AVAX,1,0.027488472431350726,0.0,0.0,mark,91.0,0.0,0.9385164935365692
2022-01-11,AVAX,1,-0.00491976960359698,0.0,0.0,mark,89.59,0.0,0.9339105480048444
2022-01-12,AVAX,1,-6.995835541122851e-05,0.0,0.0,mark,89.57,0.0,0.9338452154441107
2022-01-12,AVAX,1,-0.00010294392827346403,0.00010293862972914892,0.0,funding,89.57,0.0,0.9337490866972538
2022-01-12,AVAX,1,0.025285890046520227,0.0,0.0,mark,96.89,0.0,0.9576608039257823
2022-01-12,AVAX,1,-0.027983292960056753,0.0,0.0,mark,88.8,0.0,0.9312337831090068
2022-01-12,AVAX,1,0.02473753452225851,0.0,0.0,mark,95.94,0.0,0.9545575072909323
2022-01-13,AVAX,1,3.422079988627497e-05,0.0,0.0,mark,95.95,0.0,0.9545901735712992
2022-01-13,AVAX,1,-0.0001078803015963543,0.00010787448272594493,0.0,funding,95.95,0.0,0.9544871976501099
2022-01-13,AVAX,1,0.004473311524849127,0.0,0.0,mark,97.26,0.0,0.9587664803781663
2022-01-13,AVAX,1,-0.02826594839673754,0.0,0.0,mark,89.08,0.0,0.9320454630380892
2022-01-13,AVAX,1,0.001995740187096788,0.0,0.0,mark,89.65,0.0,0.9339074410189993
2022-01-14,AVAX,1,0.0,0.0,0.0,mark,89.65,0.0,0.9339074410189993
2022-01-14,AVAX,1,-0.00010302901245790625,0.00010302370515146125,0.0,funding,89.65,0.0,0.9338112264141569
2022-01-14,AVAX,1,0.007388750820482474,0.0,0.0,mark,91.77,0.0,0.9407364778519275
2022-01-14,AVAX,1,-0.01589035247004014,0.0,0.0,mark,87.23,0.0,0.925905986565381
2022-01-14,AVAX,1,0.011086900794932946,0.0,0.0,mark,90.39,0.0,0.9362285311613032
2022-01-15,AVAX,1,3.4890744521780496e-05,0.0,0.0,mark,90.4,0.0,0.9362611974416701
2022-01-15,AVAX,1,-0.00010362978927600063,0.00010362441989493727,0.0,funding,90.4,0.0,0.9361641779182152
2022-01-15,AVAX,1,0.013998635974623369,0.0,0.0,mark,94.44,0.0,0.9493613551864194
2022-01-15,AVAX,1,-0.017249031699328683,0.0,0.0,mark,89.47,0.0,0.9331262138440988
2022-01-15,AVAX,1,0.012212701945643927,0.0,0.0,mark,92.98,0.0,0.9445920782528604
2022-01-16,AVAX,1,0.0,0.0,0.0,mark,92.98,0.0,0.9445920782528604
2022-01-16,AVAX,1,-0.00010564741867830124,0.00010564183818629201,0.0,funding,92.98,0.0,0.9444922898093776
2022-01-16,AVAX,1,0.006618575066548316,0.0,0.0,mark,94.9,0.0,0.9507642156398114
2022-01-16,AVAX,1,-0.010708082464075626,0.0,0.0,mark,91.8,0.0,0.9406376687260902
2022-01-16,AVAX,1,0.001526857125523306,0.0,0.0,mark,92.24,0.0,0.9420749850622313
2022-01-17,AVAX,1,3.467421866555339e-05,0.0,0.0,mark,92.25,0.0,0.9421076513425982
2022-01-17,AVAX,1,-0.0001050943506816481,0.00010508882846387473,0.0,funding,92.25,0.0,0.9420086463532318
2022-01-17,AVAX,1,0.0008665559747562071,0.0,0.0,mark,92.5,0.0,0.9428253033624029
2022-01-17,AVAX,1,-0.02512030242174745,0.0,0.0,mark,85.34,0.0,0.9194362466197438
2022-01-17,AVAX,1,0.004714174271397072,0.0,0.0,mark,86.67,0.0,0.9237808619085338
2022-01-18,AVAX,1,0.0,0.0,0.0,mark,86.67,0.0,0.9237808619085338
2022-01-18,AVAX,1,-0.00010069604382756189,0.00010069097415108079,0.0,funding,86.67,0.0,0.9236878455136461
2022-01-18,AVAX,1,0.0026135963631562305,0.0,0.0,mark,87.41,0.0,0.9261051502607924
2022-01-18,AVAX,1,-0.013172570843341731,0.0,0.0,mark,83.7,0.0,0.9139859602446939
2022-01-18,AVAX,1,0.008186703538112019,0.0,0.0,mark,86.0,0.0,0.9214992047290677
2022-01-19,AVAX,1,0.00010634152478580034,0.0,0.0,mark,86.03,0.0,0.9215972035701682
2022-01-19,AVAX,1,-0.00010018927568226005,0.00010018425690437556,0.0,funding,86.03,0.0,0.9215048740391634
2022-01-19,AVAX,1,0.001239940414089613,0.0,0.0,mark,86.38,0.0,0.9226481938520028
2022-01-19,AVAX,1,-0.018942893722386816,0.0,0.0,mark,81.08,0.0,0.9053350652575763
2022-01-19,AVAX,1,0.005505360366646796,0.0,0.0,mark,82.61,0.0,0.9103330061537033
2022-01-20,AVAX,1,-0.00010765743489980332,0.0,0.0,mark,82.58,0.0,0.9102350073126028
2022-01-20,AVAX,1,-9.737179917811217e-05,9.736705869829074e-05,0.0,funding,82.58,0.0,0.9101463804072165
2022-01-20,AVAX,1,0.018561883620760285,0.0,0.0,mark,87.8,0.0,0.9271981787587082
2022-01-20,AVAX,1,-0.032658356507818995,0.0,0.0,mark,78.68,0.0,0.897406531064148
2022-01-20,AVAX,1,0.002363254756368403,0.0,0.0,mark,79.33,0.0,0.8995298392879928
2022-01-21,AVAX,1,-3.631549737408643e-05,0.0,0.0,mark,79.32,0.0,0.8994971730076259
2022-01-21,AVAX,1,-9.464423407588195e-05,9.463975545164646e-05,0.0,funding,79.32,0.0,0.899412044815143
2022-01-21,AVAX,1,0.0038424851604113345,0.0,0.0,mark,80.38,0.0,0.9028746705340284
2022-01-21,AVAX,1,-0.05673480372449803,0.0,0.0,mark,65.13540889408966,0.0,0.8530762618196746
2022-01-21,AVAX,1,-0.00036172249580543537,0.00036165708211089245,0.24941867731785689,stop,65.13540889408966,-0.0032666280366842352,0.8527677407480068
2022-02-06,AVAX,2,-0.0005345869354378782,0.0005344440693013447,0.3685821167595481,entry,77.01,0.0040814821320498355,0.8523119840864725
2022-02-06,AVAX,2,-0.00012116683399628307,0.00012115949359194314,0.0,funding,77.01,0.0,0.8522087183980982
2022-02-06,AVAX,2,0.010196933395271272,0.0,0.0,mark,79.15,0.0,0.8609430901606848
2022-02-06,AVAX,2,-0.024231822606016685,0.0,0.0,mark,74.1,0.0,0.8403316053938331
2022-02-06,AVAX,2,0.023188321991400612,0.0,0.0,mark,78.93,0.0,0.8600451640916339
2022-02-07,AVAX,2,-9.491770916219755e-05,0.0,0.0,mark,78.91,0.0,0.8599635344489929
2022-02-07,AVAX,2,-0.0001230517086371432,0.00012304413808608792,0.0,funding,78.91,0.0,0.8598577209771111
2022-02-07,AVAX,2,0.03043316049903564,0.0,0.0,mark,85.42,0.0,0.8864281696567555
2022-02-07,AVAX,2,-0.03743525936135178,0.0,0.0,mark,77.44,0.0,0.8538579422429978
2022-02-07,AVAX,2,0.027160859292602594,0.0,0.0,mark,83.2,0.0,0.8773672793236049
2022-02-08,AVAX,2,0.00013954922132473758,0.0,0.0,mark,83.23,0.0,0.8774897237875664
2022-02-08,AVAX,2,-0.00012719627602915474,0.000127188186925776,0.0,funding,83.23,0.0,0.8773781174605518
2022-02-08,AVAX,2,-0.0073771588124427,0.0,0.0,mark,81.65,0.0,0.8709293756919131
2022-02-08,AVAX,2,0.06288651668896024,0.0,0.0,mark,95.5,0.0,0.9274579032208032
2022-02-08,AVAX,2,-0.041145579298116505,0.0,0.0,mark,86.34,0.0,0.8900715268912267
2022-02-09,AVAX,2,4.5854613163814934e-05,0.0,0.0,mark,86.35,0.0,0.8901123417125472
2022-02-09,AVAX,2,-0.00013009322779772197,0.0001300847660406386,0.0,funding,86.35,0.0,0.8899965516568256
2022-02-09,AVAX,2,0.025714735518228483,0.0,0.0,mark,92.03,0.0,0.9131793701668687
2022-02-09,AVAX,2,-0.034975247025806906,0.0,0.0,mark,84.34,0.0,0.8817927725714054
2022-02-09,AVAX,2,0.02608618773433226,0.0,0.0,mark,90.05,0.0,0.9050980355454099
2022-02-10,AVAX,2,0.0,0.0,0.0,mark,90.05,0.0,0.9050980355454099
2022-02-10,AVAX,2,-0.00013342155184581063,0.00013341265158634875,0.0,funding,90.05,0.0,0.9049772840165422
2022-02-10,AVAX,2,0.02207914108119286,0.0,0.0,mark,95.0,0.0,0.9251806205701889
2022-02-10,AVAX,2,-0.045441319628962674,0.0,0.0,mark,84.93,0.0,0.8840800955004471
2022-02-10,AVAX,2,0.028355831896346256,0.0,0.0,mark,91.16,0.0,0.9095077291831175
2022-02-11,AVAX,2,8.974742825321465e-05,0.0,0.0,mark,91.18,0.0,0.9095893588257585
2022-02-11,AVAX,2,-0.00013442880204341963,0.00013441976689696188,0.0,funding,91.18,0.0,0.9094670920361733
2022-02-11,AVAX,2,-0.05147573785454281,0.0,0.0,mark,80.0,0.0,0.863836121799856
2022-02-11,AVAX,2,0.05809568207464517,0.0,0.0,mark,92.66,0.0,0.9155076855916069
2022-02-11,AVAX,2,-0.04986121931032895,0.0,0.0,mark,81.75,0.0,0.8709787155309432
2022-02-12,AVAX,2,4.6859773165186e-05,0.0,0.0,mark,81.76,0.0,0.8710195303522638
2022-02-12,AVAX,2,-0.00012587782912356233,0.00012586990684195553,0.0,funding,81.76,0.0,0.8709098952051207
2022-02-12,AVAX,2,0.01414629815714611,0.0,0.0,mark,84.8,0.0,0.8833176008865522
2022-02-12,AVAX,2,-0.028828437751979272,0.0,0.0,mark,78.65,0.0,0.8582164857744458
2022-02-12,AVAX,2,0.012571006886913316,0.0,0.0,mark,81.31,0.0,0.8690732282456983
2022-02-13,AVAX,2,-9.393164333118266e-05,0.0,0.0,mark,81.29,0.0,0.8689915986030573
2022-02-13,AVAX,2,-0.000125446256795234,0.00012543838874249657,0.0,funding,81.29,0.0,0.8688825936970977
2022-02-13,AVAX,2,0.009304389655609242,0.0,0.0,mark,83.28,0.0,0.8770047431398769
2022-02-13,AVAX,2,-0.027315713630132524,0.0,0.0,mark,77.49,0.0,0.8533729615953083
2022-02-13,AVAX,2,0.002006746338284036,0.0,0.0,mark,77.91,0.0,0.8550871840907692
2022-02-14,AVAX,2,9.545897550653591e-05,0.0,0.0,mark,77.93,0.0,0.8551688137334102
2022-02-14,AVAX,2,-0.00012220480398781287,0.00012219733728495604,0.0,funding,77.93,0.0,0.8550643143814429
2022-02-14,AVAX,2,0.022046510730501,0.0,0.0,mark,82.6,0.0,0.8741248359381156
2022-02-14,AVAX,2,-0.030627436413738125,0.0,0.0,mark,76.14,0.0,0.8477584613650737
2022-02-14,AVAX,2,0.027166229725308983,0.0,0.0,mark,81.86,0.0,0.8711045391603988
2022-02-15,AVAX,2,-9.37125957836578e-05,0.0,0.0,mark,81.84,0.0,0.8710229095177577
2022-02-15,AVAX,2,-0.0001260005161573618,0.00012599257842572023,0.0,funding,81.84,0.0,0.8709131670955197
2022-02-15,AVAX,2,-0.002017202300909533,0.0,0.0,mark,81.41,0.0,0.8691581297787382
2022-02-15,AVAX,2,0.05601989785866676,0.0,0.0,mark,93.68,0.0,0.9192379155389897
2022-02-15,AVAX,2,-0.0031574302533146485,0.0,0.0,mark,92.97,0.0,0.9163400632252343
2022-02-16,AVAX,2,-4.4542121374679426e-05,0.0,0.0,mark,92.96,0.0,0.9162992484039137
2022-02-16,AVAX,2,-0.00013604959340468152,0.00013604033907847318,0.0,funding,92.96,0.0,0.9161745947434635
2022-02-16,AVAX,2,-0.006794504887528057,0.0,0.0,mark,91.44,0.0,0.9099707419027477
2022-02-16,AVAX,2,0.02616280977236718,0.0,0.0,mark,97.35,0.0,0.9340923013031622
2022-02-16,AVAX,2,-0.00890958344807724,0.0,0.0,mark,95.32,0.0,0.9258068925751011
2022-02-17,AVAX,2,4.408470276019054e-05,0.0,0.0,mark,95.33,0.0,0.9258477073964216
2022-02-17,AVAX,2,-0.00013807941606929497,0.00013806988354553965,0.0,funding,95.33,0.0,0.9257198757112806
2022-02-17,AVAX,2,0.015053030080764881,0.0,0.0,mark,98.77,0.0,0.9397601742455319
2022-02-17,AVAX,2,-0.05558853073446388,0.0,0.0,mark,86.32,0.0,0.8889457217015114
2022-02-17,AVAX,2,0.008776808657487714,0.0,0.0,mark,88.24,0.0,0.8967821673950471
2022-02-18,AVAX,2,0.0,0.0,0.0,mark,88.24,0.0,0.8967821673950471
2022-02-18,AVAX,2,-0.00013195204018441245,0.0001319433348968871,0.0,funding,88.24,0.0,0.896663842965205
2022-02-18,AVAX,2,0.007934183953323385,0.0,0.0,mark,89.99,0.0,0.9038064366962921
2022-02-18,AVAX,2,-0.03511055390601356,0.0,0.0,mark,82.35,0.0,0.8726239132074314
2022-02-18,AVAX,2,0.006154992039600148,0.0,0.0,mark,83.67,0.0,0.8780114696217372
2022-02-19,AVAX,2,9.296672208031231e-05,0.0,0.0,mark,83.69,0.0,0.8780930992643782
2022-02-19,AVAX,2,-0.0001278114254159025,0.00012780325788359274,0.0,funding,83.69,0.0,0.8779808761055671
2022-02-19,AVAX,2,0.012243829987323072,0.0,0.0,mark,86.34,0.0,0.8887968037554992
2022-02-19,AVAX,2,-0.025675441210512774,0.0,0.0,mark,80.82,0.0,0.866267022386584
2022-02-19,AVAX,2,0.019549163477140308,0.0,0.0,mark,85.01,0.0,0.8833684325198728
2022-02-20,AVAX,2,0.0,0.0,0.0,mark,85.01,0.0,0.8833684325198728
2022-02-20,AVAX,2,-0.00012905210257892989,0.00012904377571459024,0.0,funding,85.01,0.0,0.8832544393219934
2022-02-20,AVAX,2,0.0033215676202425796,0.0,0.0,mark,85.73,0.0,0.8861931064570693
2022-02-20,AVAX,2,-0.04315144980617034,0.0,0.0,mark,76.56,0.0,0.8487659153061723
2022-02-20,AVAX,2,0.0038875013595918322,0.0,0.0,mark,77.37,0.0,0.8520719158331327
2022-02-21,AVAX,2,-0.00014371235606760142,0.0,0.0,mark,77.34,0.0,0.8519494713691712
2022-02-21,AVAX,2,-0.00012173786634328444,0.0001217304565899668,0.0,funding,77.34,0.0,0.8518457631710299
2022-02-21,AVAX,2,0.025357346687673775,0.0,0.0,mark,82.7,0.0,0.873722507398817
2022-02-21,AVAX,2,-0.06424273980849167,0.0,0.0,mark,69.38,0.0,0.8193571653999131
2022-02-21,AVAX,2,0.0032822801481137737,0.0,0.0,mark,70.04,0.0,0.822050943607066
2022-02-22,AVAX,2,-4.965122283394534e-05,0.0,0.0,mark,70.03,0.0,0.8220101287857454
2022-02-22,AVAX,2,-0.00011424591660046589,0.00011423939078427832,0.0,funding,70.03,0.0,0.8219162228494145
2022-02-22,AVAX,2,0.02408964161037991,0.0,0.0,mark,74.94,0.0,0.8419563001177791
2022-02-22,AVAX,2,-0.03824257387273755,0.0,0.0,mark,67.2,0.0,0.8103656284157134
2022-02-22,AVAX,2,0.03571863028205623,0.0,0.0,mark,74.42,0.0,0.8398339294091132
2022-02-23,AVAX,2,0.0,0.0,0.0,mark,74.42,0.0,0.8398339294091132
2022-02-23,AVAX,2,-0.00011883133443648458,0.00011882427427309375,0.0,funding,74.42,0.0,0.8397341367519412
2022-02-23,AVAX,2,0.03852085374265705,0.0,0.0,mark,82.5,0.0,0.8727125123789039
2022-02-23,AVAX,2,-0.04407716955622949,0.0,0.0,mark,73.28,0.0,0.8350812471214044
2022-02-23,AVAX,2,0.0009281992174155452,0.0,0.0,mark,73.47,0.0,0.8358567287264939
2022-02-24,AVAX,2,-4.8831117155084964e-05,0.0,0.0,mark,73.46,0.0,0.8358159139051733
2022-02-24,AVAX,2,-0.00011786227031439422,0.0001178553248299511,0.0,funding,73.46,0.0,0.835717408549142
2022-02-24,AVAX,2,-0.04500060524641977,0.0,0.0,mark,64.45,0.0,0.798943254539373
2022-02-24,AVAX,2,0.07634656542977623,0.0,0.0,mark,79.98,0.0,0.8623286720501069
2022-02-24,AVAX,2,-0.017137822396298696,0.0,0.0,mark,76.39,0.0,0.847676151196048
2022-02-25,AVAX,2,0.0,0.0,0.0,mark,76.39,0.0,0.847676151196048
2022-02-25,AVAX,2,-0.00012084862348682856,0.00012084132158617139,0.0,funding,76.39,0.0,0.8475737168896604
2022-02-25,AVAX,2,0.026609544701107435,0.0,0.0,mark,81.99,0.0,0.8704300168291395
2022-02-25,AVAX,2,-0.044636523857479245,0.0,0.0,mark,72.68,0.0,0.8324314181797555
2022-02-25,AVAX,2,0.0398893422792514,0.0,0.0,mark,80.98,0.0,0.8663077198757692
2022-02-26,AVAX,2,0.0,0.0,0.0,mark,80.98,0.0,0.8663077198757692
2022-02-26,AVAX,2,-0.0001253550196062388,0.00012534716299397633,0.0,funding,80.98,0.0,0.8661991306608029
2022-02-26,AVAX,2,-0.014045533701942977,0.0,0.0,mark,78.02,0.0,0.8541179435499353
2022-02-26,AVAX,2,0.03257913967793371,0.0,0.0,mark,84.95,0.0,0.8824026147250407
2022-02-26,AVAX,2,-0.014630319876862285,0.0,0.0,mark,81.81,0.0,0.8695867608304042
2022-02-27,AVAX,2,0.0,0.0,0.0,mark,81.81,0.0,0.8695867608304042
2022-02-27,AVAX,2,-0.00012616235585479943,0.00012615439771945417,0.0,funding,81.81,0.0,0.8694770586363268
2022-02-27,AVAX,2,-0.04213728138474295,0.0,0.0,mark,73.02,0.0,0.8336008306956088
2022-02-27,AVAX,2,0.048034525660866634,0.0,0.0,mark,83.07,0.0,0.8746197261227096
2022-02-27,AVAX,2,-0.038047339914899926,0.0,0.0,mark,75.07,0.0,0.8419678690663108
2022-02-28,AVAX,2,-4.847668433874191e-05,0.0,0.0,mark,75.06,0.0,0.8419270542449904
2022-02-28,AVAX,2,-0.00011955533940680113,0.00011954819295198104,0.0,funding,75.06,0.0,0.8418264033870579
2022-02-28,AVAX,2,0.05112963046898831,0.0,0.0,mark,85.88,0.0,0.8859880400558371
2022-02-28,AVAX,2,-0.0672586123077402,0.0,0.0,mark,71.76,0.0,0.8283575123512934
2022-02-28,AVAX,2,0.06106650114144561,0.0,0.0,mark,84.54,0.0,0.8805188539988903
2022-03-01,AVAX,2,0.0,0.0,0.0,mark,84.54,0.0,0.8805188539988903
2022-03-01,AVAX,2,-0.00012875392082784673,0.00012874563239750574,0.0,funding,84.54,0.0,0.8804054910421942
2022-03-01,AVAX,2,0.028607677591475065,0.0,0.0,mark,90.8,0.0,0.9059555691888261
2022-03-01,AVAX,2,-0.03353385773778507,0.0,0.0,mark,83.48,0.0,0.8760791199822213
2022-03-01,AVAX,2,0.015761656307178466,0.0,0.0,mark,86.89,0.0,0.8899969740525112
2022-03-02,AVAX,2,0.0,0.0,0.0,mark,86.89,0.0,0.8899969740525112
2022-03-02,AVAX,2,-3.761278224132914e-05,3.7612074889510376e-05,0.025939361992765773,resize,86.89,-0.0002656917215147227,0.8899634994196717
2022-03-02,AVAX,2,-0.00012240515707488252,0.0001223976658692869,0.0,funding,86.89,0.0,0.8898545699646339
2022-03-02,AVAX,2,-0.019922426188917184,0.0,0.0,mark,82.29,0.0,0.8723019340761724
2022-03-02,AVAX,2,0.032916360417553484,0.0,0.0,mark,89.94,0.0,0.9014927307167659
2022-03-02,AVAX,2,-0.028246681155553587,0.0,0.0,mark,83.36,0.0,0.8763848298154449
2022-03-03,AVAX,2,-4.354107183419224e-05,0.0,0.0,mark,83.35,0.0,0.8763466719113395
2022-03-03,AVAX,2,-0.0001192425044899199,0.00011923539538503125,0.0,funding,83.35,0.0,0.8762421803694198
2022-03-03,AVAX,2,0.004258546295090783,0.0,0.0,mark,84.33,0.0,0.8799816549717442
2022-03-03,AVAX,2,-0.032210986263935246,0.0,0.0,mark,77.02,0.0,0.8520882270707325
2022-03-03,AVAX,2,0.006605815481770824,0.0,0.0,mark,78.5,0.0,0.8577355968783245
2022-03-04,AVAX,2,0.0,0.0,0.0,mark,78.5,0.0,0.8577355968783245
2022-03-04,AVAX,2,-0.00011474048246020987,0.00011473390002289787,0.0,funding,78.5,0.0,0.8576371855281062
2022-03-04,AVAX,2,0.016503041554761153,0.0,0.0,mark,82.24,0.0,0.8719082416635074
2022-03-04,AVAX,2,-0.03255935564419163,0.0,0.0,mark,74.92,0.0,0.8439766558583904
2022-03-04,AVAX,2,0.003925731474131933,0.0,0.0,mark,75.79,0.0,0.847296393515556
2022-03-05,AVAX,2,-4.50359090888579e-05,0.0,0.0,mark,75.78,0.0,0.8472582356114506
2022-03-05,AVAX,2,-0.0001121343538989477,0.00011212806707731456,0.0,funding,75.78,0.0,0.8471632341831762
2022-03-05,AVAX,2,0.01324432959069174,0.0,0.0,mark,78.74,0.0,0.8584579737983601
2022-03-05,AVAX,2,-0.024614258346515285,0.0,0.0,mark,73.27,0.0,0.837585600252733
2022-03-05,AVAX,2,0.015415511969494736,0.0,0.0,mark,76.68,0.0,0.8505974455526578
2022-03-06,AVAX,2,4.48591145509986e-05,0.0,0.0,mark,76.69,0.0,0.8506356034567631
2022-03-06,AVAX,2,-0.00011303039863166138,0.00011302401093678546,0.0,funding,76.69,0.0,0.8505394612090148
2022-03-06,AVAX,2,0.0018377007326791453,0.0,0.0,mark,77.1,0.0,0.8521039352773342
2022-03-06,AVAX,2,-0.022690683051242392,0.0,0.0,mark,72.09,0.0,0.8329868253205533
2022-03-06,AVAX,2,0.0019221099298967616,0.0,0.0,mark,72.51,0.0,0.8345894572929781
2022-03-07,AVAX,2,0.0,0.0,0.0,mark,72.51,0.0,0.8345894572929781
2022-03-07,AVAX,2,-0.00010892415434004888,0.00010891822231975775,0.0,funding,72.51,0.0,0.8344985552929229
2022-03-07,AVAX,2,0.01821476973805033,0.0,0.0,mark,76.53,0.0,0.8498380327432741
2022-03-07,AVAX,2,-0.028140586537320076,0.0,0.0,mark,70.35,0.0,0.826256448006167
2022-03-07,AVAX,2,0.006169274851102413,0.0,0.0,mark,71.69,0.0,0.8313696071562842
2022-03-08,AVAX,2,-9.179949625738164e-05,0.0,0.0,mark,71.67,0.0,0.8312932913480735
2022-03-08,AVAX,2,-0.00010808915793747155,0.00010808331651484113,0.0,funding,71.67,0.0,0.831203442412148
2022-03-08,AVAX,2,-0.002205958541976145,0.0,0.0,mark,71.19,0.0,0.8293718630150911
2022-03-08,AVAX,2,0.024675491468963768,0.0,0.0,mark,76.62,0.0,0.8500916049442968
2022-03-08,AVAX,2,-0.016382489993150225,0.0,0.0,mark,73.0,0.0,0.8362784436581597
2022-03-09,AVAX,2,9.125229383346194e-05,0.0,0.0,mark,73.02,0.0,0.8363547594663704
2022-03-09,AVAX,2,-0.00010945877867932581,0.00010945278828573354,0.0,funding,73.02,0.0,0.8362632181059507
2022-03-09,AVAX,2,0.03329623856120629,0.0,0.0,mark,80.44,0.0,0.8645763829521212
2022-03-09,AVAX,2,-0.03640383819451524,0.0,0.0,mark,72.34,0.0,0.8336684806267869
2022-03-09,AVAX,2,0.023924414831996636,0.0,0.0,mark,77.63,0.0,0.8538540118985176
2022-03-10,AVAX,2,-0.0001340760656795537,0.0,0.0,mark,77.6,0.0,0.8537395381862015
2022-03-10,AVAX,2,-0.00011395584480162963,0.00011394935208092373,0.0,funding,77.6,0.0,0.8536422551189793
2022-03-10,AVAX,2,0.006238515562138321,0.0,0.0,mark,79.0,0.0,0.8589843616937285
2022-03-10,AVAX,2,-0.03388422906953113,0.0,0.0,mark,71.5,0.0,0.8303659336147151
2022-03-10,AVAX,2,0.011104721499377603,0.0,0.0,mark,73.93,0.0,0.8396383043123155
2022-03-11,AVAX,2,0.0,0.0,0.0,mark,73.93,0.0,0.8396383043123155
2022-03-11,AVAX,2,-0.00011038955117189898,0.00011038345846955571,0.0,funding,73.93,0.0,0.8395456221324219
2022-03-11,AVAX,2,-0.01437432517233198,0.0,0.0,mark,70.79,0.0,0.8275640402433416
2022-03-11,AVAX,2,0.028096741840904233,0.0,0.0,mark,76.97,0.0,0.8511456249804485
2022-03-11,AVAX,2,-0.026116030539150178,0.0,0.0,mark,71.22,0.0,0.8292048301198717
2022-03-12,AVAX,2,4.60164060569653e-05,0.0,0.0,mark,71.23,0.0,0.829242988023977
2022-03-12,AVAX,2,-0.0001076911599466994,0.0001076853614618975,0.0,funding,71.23,0.0,0.8291536906930719
2022-03-12,AVAX,2,0.010938804948194304,0.0,0.0,mark,73.62,0.0,0.8382734297742508
2022-03-12,AVAX,2,-0.013519268451954895,0.0,0.0,mark,70.67,0.0,0.8270168480631722
2022-03-12,AVAX,2,0.0012449833590804217,0.0,0.0,mark,70.94,0.0,0.8280471114740167
2022-03-13,AVAX,2,-4.608286508838316e-05,0.0,0.0,mark,70.93,0.0,0.8280089535699113
2022-03-13,AVAX,2,-0.00010739740340986403,0.00010739163651514004,0.0,funding,70.93,0.0,0.8279200323333382
2022-03-13,AVAX,2,-0.017293740477891593,0.0,0.0,mark,67.21,0.0,0.8137252920061475
2022-03-13,AVAX,2,0.022167266441501788,0.0,0.0,mark,71.99,0.0,0.8319647701685053
2022-03-13,AVAX,2,-0.01874993358806506,0.0,0.0,mark,67.94,0.0,0.8165108190058381
2022-03-14,AVAX,2,-9.347013305170306e-05,0.0,0.0,mark,67.92,0.0,0.8164345031976274
2022-03-14,AVAX,2,-0.00010429764650303753,0.00010429220769258726,0.0,funding,67.92,0.0,0.8163493554408525
2022-03-14,AVAX,2,0.016595215481885785,0.0,0.0,mark,71.5,0.0,0.8300098851105682
2022-03-14,AVAX,2,-0.02773491595960508,0.0,0.0,mark,65.55,0.0,0.8073059321678843
2022-03-14,AVAX,2,0.016035619073080723,0.0,0.0,mark,68.97,0.0,0.8203559353719143
2022-03-15,AVAX,2,0.0,0.0,0.0,mark,68.97,0.0,0.8203559353719143
2022-03-15,AVAX,2,-0.00010540381328518424,0.00010539825849841385,0.0,funding,68.97,0.0,0.8202694712849773
2022-03-15,AVAX,2,0.01509709195625644,0.0,0.0,mark,72.24,0.0,0.8327471059274271
2022-03-15,AVAX,2,-0.02882082453580036,0.0,0.0,mark,66.04,0.0,0.8090892053821094
2022-03-15,AVAX,2,0.01767002879050193,0.0,0.0,mark,69.82,0.0,0.8235128931339321
2022-03-16,AVAX,2,0.0,0.0,0.0,mark,69.82,0.0,0.8235128931339321
2022-03-16,AVAX,2,-0.00010629383011446544,0.0001062881811253697,0.0,funding,69.82,0.0,0.8234253634463875
2022-03-16,AVAX,2,-0.008142640724346287,0.0,0.0,mark,68.07,0.0,0.8167477302279511
2022-03-16,AVAX,2,0.030595499935915996,0.0,0.0,mark,74.72,0.0,0.8421227364580096
2022-03-16,AVAX,2,-0.0029041535140180252,0.0,0.0,mark,74.08,0.0,0.8396806305952671
2022-03-17,AVAX,2,-4.54443865355579e-05,0.0,0.0,mark,74.07,0.0,0.8396424726911618
2022-03-17,AVAX,2,-0.00011059805647850778,0.00011059194073898298,0.0,funding,74.07,0.0,0.83954961500058
2022-03-17,AVAX,2,0.03422270671872754,0.0,0.0,mark,81.73,0.0,0.868778569545279
2022-03-17,AVAX,2,-0.0383672741346643,0.0,0.0,mark,73.16,0.0,0.836077245726993
2022-03-17,AVAX,2,0.02808088189470238,0.0,0.0,mark,79.4,0.0,0.8598877778887322
2022-03-18,AVAX,2,0.0,0.0,0.0,mark,79.4,0.0,0.8598877778887322
2022-03-18,AVAX,2,-0.00011576556559620789,0.00011575886502172394,0.0,funding,79.4,0.0,0.8597882382555178
2022-03-18,AVAX,2,-0.01304383262436478,0.0,0.0,mark,76.48,0.0,0.8486461302567552
2022-03-18,AVAX,2,0.04600203568827596,0.0,0.0,mark,86.95,0.0,0.8885974558550578
2022-03-18,AVAX,2,-0.005339000547029311,0.0,0.0,mark,85.71,0.0,0.8838658757459942
2022-03-19,AVAX,2,4.31706682056828e-05,0.0,0.0,mark,85.72,0.0,0.8839040336500995
2022-03-19,AVAX,2,-0.00012158471518863331,0.00012157732406660403,0.0,funding,85.72,0.0,0.8837965709629566
2022-03-19,AVAX,2,0.028390853761156312,0.0,0.0,mark,92.39,0.0,0.9092478930012258
2022-03-19,AVAX,2,-0.028995486311091938,0.0,0.0,mark,85.58,0.0,0.8832623603054817
2022-03-19,AVAX,2,0.016920471846338166,0.0,0.0,mark,89.53,0.0,0.8983347324270954
2022-03-20,AVAX,2,4.2475362855692185e-05,0.0,0.0,mark,89.54,0.0,0.8983728903312007
2022-03-20,AVAX,2,-0.00012495772784948945,0.00012494992095784797,0.0,funding,89.54,0.0,0.8982606387095632
2022-03-20,AVAX,2,0.0018673652077099065,0.0,0.0,mark,89.98,0.0,0.8999395864901987
2022-03-20,AVAX,2,-0.02455204582810184,0.0,0.0,mark,84.26,0.0,0.8781132653419378
2022-03-20,AVAX,2,0.002517185685002577,0.0,0.0,mark,84.84,0.0,0.8803264237800481
2022-03-21,AVAX,2,0.00013002707523527573,0.0,0.0,mark,84.87,0.0,0.8804408974923642
2022-03-21,AVAX,2,-0.0001208525366629821,0.00012084523428935772,0.0,funding,84.87,0.0,0.8803345004058288
2022-03-21,AVAX,2,0.03253695164500891,0.0,0.0,mark,92.5,0.0,0.9094489812382117
2022-03-21,AVAX,2,-0.040588059066099615,0.0,0.0,mark,83.02,0.0,0.8732752881463388
2022-03-21,AVAX,2,0.014014868256159904,0.0,0.0,mark,86.25,0.0,0.8856002911723673
2022-03-22,AVAX,2,-4.308797836342559e-05,0.0,0.0,mark,86.24,0.0,0.8855621332682619
2022-03-22,AVAX,2,-0.00012209327848329468,0.00012208582540228845,0.0,funding,86.24,0.0,0.8854540186842769
2022-03-22,AVAX,2,0.015606946809714053,0.0,0.0,mark,89.89,0.0,0.89938165368273
2022-03-22,AVAX,2,-0.026613212786644844,0.0,0.0,mark,83.7,0.0,0.8757619110415177
2022-03-22,AVAX,2,0.0012192470340216376,0.0,0.0,mark,83.98,0.0,0.8768303323564676
2022-03-23,AVAX,2,-4.351894887663111e-05,0.0,0.0,mark,83.97,0.0,0.8767921744523622
2022-03-23,AVAX,2,-0.00012006850251058618,0.00012006129457646407,0.0,funding,83.97,0.0,0.876686905648823
2022-03-23,AVAX,2,-0.007689913125138042,0.0,0.0,mark,82.21,0.0,0.8699711145262812
2022-03-23,AVAX,2,0.022079746536883983,0.0,0.0,mark,87.3,0.0,0.8893934877159049
2022-03-23,AVAX,2,-0.005593039241095739,0.0,0.0,mark,86.0,0.0,0.8844329601822092
2022-03-24,AVAX,2,-4.3144849850392945e-05,0.0,0.0,mark,85.99,0.0,0.8843948022781039
2022-03-24,AVAX,2,-0.00012190001838530963,0.00012189258888000326,0.0,funding,85.99,0.0,0.8842870011060622
2022-03-24,AVAX,2,0.00991853859651839,0.0,0.0,mark,88.3,0.0,0.8931014769543983
2022-03-24,AVAX,2,-0.02015439219593831,0.0,0.0,mark,83.63,0.0,0.8752817357371994
2022-03-24,AVAX,2,0.01698772169294019,0.0,0.0,mark,87.56,0.0,0.8902777920506024
2022-03-25,AVAX,2,4.285975313860935e-05,0.0,0.0,mark,87.57,0.0,0.8903159499547078
2022-03-25,AVAX,2,-0.00012331431837293052,0.0001233067154748634,0.0,funding,87.57,0.0,0.890206168019184
2022-03-25,AVAX,2,-0.023067738108177232,0.0,0.0,mark,82.25,0.0,0.8699061630351371
2022-03-25,AVAX,2,0.024053127215269345,0.0,0.0,mark,87.8,0.0,0.891083799813607
2022-03-25,AVAX,2,-0.01841056998090274,0.0,0.0,mark,83.54,0.0,0.8748285326647274
2022-03-26,AVAX,2,0.0,0.0,0.0,mark,83.54,0.0,0.8748285326647274
2022-03-26,AVAX,2,-0.00011972175166305262,0.00011971458530011549,0.0,funding,83.54,0.0,0.8747238029297307
2022-03-26,AVAX,2,-0.004722395699285708,0.0,0.0,mark,82.46,0.0,0.8706027492863527
2022-03-26,AVAX,2,0.018585158986956098,0.0,0.0,mark,86.74,0.0,0.886934332243443
2022-03-26,AVAX,2,-0.0037931422347735567,0.0,0.0,mark,85.86,0.0,0.8835764366821721
2022-03-27,AVAX,2,4.31848096059716e-05,0.0,0.0,mark,85.87,0.0,0.8836145945862774
2022-03-27,AVAX,2,-0.00012183738594139236,0.00012182996406853453,0.0,funding,85.87,0.0,0.8835069438519686
2022-03-27,AVAX,2,0.017637466616076396,0.0,0.0,mark,89.99,0.0,0.8992280003433732
2022-03-27,AVAX,2,-0.024006509394120152,0.0,0.0,mark,84.4,0.0,0.877897731948482
2022-03-27,AVAX,2,0.023539625648505397,0.0,0.0,mark,89.88,0.0,0.8988082633982144
2022-03-28,AVAX,2,0.0,0.0,0.0,mark,89.88,0.0,0.8988082633982144
2022-03-28,AVAX,2,-0.0001253714834545621,0.00012536362477857986,0.0,funding,89.88,0.0,0.8986955855363339
2022-03-28,AVAX,2,0.02660453784797913,0.0,0.0,mark,96.23,0.0,0.9229258546432318
2022-03-28,AVAX,2,-0.03213952489568519,0.0,0.0,mark,88.58,0.0,0.8937350580026382
2022-03-28,AVAX,2,0.004260398821390704,0.0,0.0,mark,89.58,0.0,0.8975508484131733
2022-03-29,AVAX,2,-4.251426568883986e-05,0.0,0.0,mark,89.57,0.0,0.897512690509068
2022-03-29,AVAX,2,-0.00012511940743096877,0.0001251115803243641,0.0,funding,89.57,0.0,0.8974004012779973
2022-03-29,AVAX,2,0.028875672928312245,0.0,0.0,mark,96.46,0.0,0.9236911972065842
2022-03-29,AVAX,2,-0.030152101894428573,0.0,0.0,mark,89.27,0.0,0.8962556641548367
2022-03-29,AVAX,2,0.014665390539084746,0.0,0.0,mark,92.74,0.0,0.9094964568793935
2022-03-30,AVAX,2,-4.195585842701042e-05,0.0,0.0,mark,92.73,0.0,0.9094582989752882
2022-03-30,AVAX,2,-0.00012783234660450457,0.0001278241763981336,0.0,funding,92.73,0.0,0.9093420482172532
2022-03-30,AVAX,2,-0.013646449744857077,0.0,0.0,mark,89.5,0.0,0.8970170451912247
2022-03-30,AVAX,2,0.04564947537616112,0.0,0.0,mark,100.48,0.0,0.9389144238989002
2022-03-30,AVAX,2,-0.020114772602585353,0.0,0.0,mark,95.58,0.0,0.9202170508872781
2022-03-31,AVAX,2,-4.146705956167399e-05,0.0,0.0,mark,95.57,0.0,0.9201788929831728
2022-03-31,AVAX,2,-0.00013021263501612065,0.00013020415771897403,0.0,funding,95.57,0.0,0.9200590818654611
2022-03-31,AVAX,2,-0.007869339545369844,0.0,0.0,mark,93.68,0.0,0.9128472379895498
2022-03-31,AVAX,2,0.03410651253284012,0.0,0.0,mark,101.98,0.0,0.9445182983969912
2022-03-31,AVAX,2,-0.018635051717835943,0.0,0.0,mark,97.41,0.0,0.9270801362208457
2022-04-01,AVAX,2,8.231507105130777e-05,0.0,0.0,mark,97.43,0.0,0.9271564520290565
2022-04-01,AVAX,2,-0.00013174793587128152,0.00013173925749318971,0.0,funding,97.43,0.0,0.9270343091264862
2022-04-01,AVAX,2,0.00970794465975804,0.0,0.0,mark,99.8,0.0,0.9360777323994544
2022-04-01,AVAX,2,-0.03966483133873685,0.0,0.0,mark,90.26,0.0,0.8996750918829494
2022-04-01,AVAX,2,0.027484156148133564,0.0,0.0,mark,96.83,0.0,0.924744834880165
2022-04-02,AVAX,2,-8.252974716649832e-05,0.0,0.0,mark,96.81,0.0,0.9246685190719544
2022-04-02,AVAX,2,-0.00013126174835064456,0.00013125313390422144,0.0,funding,96.81,0.0,0.9245471534310036
2022-04-02,AVAX,2,0.027718495908755716,0.0,0.0,mark,103.62,0.0,0.9505326861267477
2022-04-02,AVAX,2,-0.03218583492289303,0.0,0.0,mark,95.73,0.0,0.9204260997876257
2022-04-02,AVAX,2,0.0021534323598711145,0.0,0.0,mark,96.25,0.0,0.9224103108011039
2022-04-03,AVAX,2,0.0,0.0,0.0,mark,96.25,0.0,0.9224103108011039
2022-04-03,AVAX,2,-0.00013082192347445257,0.00013081336665981592,0.0,funding,96.25,0.0,0.9222896472029063
2022-04-03,AVAX,2,0.01576235682592084,0.0,0.0,mark,100.09,0.0,0.9369422823793612
2022-04-03,AVAX,2,-0.02340411573118406,0.0,0.0,mark,94.41,0.0,0.9152685928475217
2022-04-03,AVAX,2,0.01506130868142969,0.0,0.0,mark,98.05,0.0,0.9291580699418696
2022-04-04,AVAX,2,-0.00012320913767856226,0.0,0.0,mark,98.02,0.0,0.9290435962295535
2022-04-04,AVAX,2,-0.0001322765505029415,0.00013226780234575747,0.0,funding,98.02,0.0,0.9289207136747968
2022-04-04,AVAX,2,0.00024643568822681027,0.0,0.0,mark,98.08,0.0,0.9291496610994289
2022-04-04,AVAX,2,-0.03031088027266046,0.0,0.0,mark,90.81,0.0,0.9014088648148386
2022-04-04,AVAX,2,0.022394659096522194,0.0,0.0,mark,96.16,0.0,0.9218233435112014
2022-04-05,AVAX,2,0.0,0.0,0.0,mark,96.16,0.0,0.9218233435112014
2022-04-05,AVAX,2,-0.000130782816363954,0.00013077426466423755,0.0,funding,96.16,0.0,0.9217027927413034
2022-04-05,AVAX,2,-0.023287095052714184,0.0,0.0,mark,90.6,0.0,0.9004869980587281
2022-04-05,AVAX,2,0.02964235868448684,0.0,0.0,mark,97.7,0.0,0.9275791099735274
2022-04-05,AVAX,2,-0.027695017857705978,0.0,0.0,mark,91.06,0.0,0.9022422616475743
2022-04-06,AVAX,2,4.229140981007333e-05,0.0,0.0,mark,91.07,0.0,0.9022804195516796
2022-04-06,AVAX,2,-0.00012654261809941266,0.0001265346119199972,0.0,funding,91.07,0.0,0.9021662498489486
2022-04-06,AVAX,2,0.00016916915981936916,0.0,0.0,mark,91.11,0.0,0.90231888146537
2022-04-06,AVAX,2,-0.03651962603973154,0.0,0.0,mark,82.63,0.0,0.8699609787840322
2022-04-06,AVAX,2,0.0013587868731754394,0.0,0.0,mark,82.94,0.0,0.8711438738112981
2022-04-07,AVAX,2,0.0,0.0,0.0,mark,82.94,0.0,0.8711438738112981
2022-04-07,AVAX,2,-0.00011936461381631995,0.00011935749014415994,0.0,funding,82.94,0.0,0.8710398962649655
2022-04-07,AVAX,2,0.024748976196567424,0.0,0.0,mark,88.66,0.0,0.8928662174132264
2022-04-07,AVAX,2,-0.031782823445255584,0.0,0.0,mark,81.34,0.0,0.8649346316081093
2022-04-07,AVAX,2,0.02702779376378147,0.0,0.0,mark,87.55,0.0,0.8886306900575324
2022-04-08,AVAX,2,4.2939193191520646e-05,0.0,0.0,mark,87.56,0.0,0.8886688479616377
2022-04-08,AVAX,2,-0.00012352878046468707,0.0001235211510990218,0.0,funding,87.56,0.0,0.8885590785625916
2022-04-08,AVAX,2,0.012800791879076411,0.0,0.0,mark,90.56,0.0,0.900006449794197
2022-04-08,AVAX,2,-0.03393609861998552,0.0,0.0,mark,82.69,0.0,0.8699761792632856
2022-04-08,AVAX,2,0.004245478686752958,0.0,0.0,mark,83.66,0.0,0.8736774959615047
2022-04-09,AVAX,2,0.0,0.0,0.0,mark,83.66,0.0,0.8736774959615047
2022-04-09,AVAX,2,-0.00012005169969671695,0.00012004449377977952,0.0,funding,83.66,0.0,0.8735726157887752
2022-04-09,AVAX,2,0.00826500541376847,0.0,0.0,mark,85.56,0.0,0.880822617568792
2022-04-09,AVAX,2,-0.016070480427855638,0.0,0.0,mark,81.88,0.0,0.8667805088580227
2022-04-09,AVAX,2,0.011685483734673634,0.0,0.0,mark,84.55,0.0,0.8769686692541515
2022-04-10,AVAX,2,8.701848822110532e-05,0.0,0.0,mark,84.57,0.0,0.8770449850623622
2022-04-10,AVAX,2,-0.00012089163345532418,0.0001208843263562062,0.0,funding,84.57,0.0,0.8769389640701588
2022-04-10,AVAX,2,0.004731662617935595,0.0,0.0,mark,85.66,0.0,0.8810981756176421
2022-04-10,AVAX,2,-0.021847220019283776,0.0,0.0,mark,80.67,0.0,0.862057381469072
2022-04-10,AVAX,2,0.0015038366315681642,0.0,0.0,mark,81.01,0.0,0.8633547502086539
2022-04-11,AVAX,2,-4.419822484114702e-05,0.0,0.0,mark,81.0,0.0,0.8633165923045486
2022-04-11,AVAX,2,-0.00011762943402498985,0.00011762251595437996,0.0,funding,81.0,0.0,0.8632150468348966
2022-04-11,AVAX,2,0.002384193206869228,0.0,0.0,mark,81.54,0.0,0.8652755736565856
2022-04-11,AVAX,2,-0.03962618655585958,0.0,0.0,mark,72.73,0.0,0.8316584601397712
2022-04-11,AVAX,2,0.007405348027187874,0.0,0.0,mark,74.35,0.0,0.8378400406048381
2022-04-12,AVAX,2,0.0,0.0,0.0,mark,74.35,0.0,0.8378400406048381
2022-04-12,AVAX,2,-0.00011125500394452933,0.00011124881533601744,0.0,funding,74.35,0.0,0.8377468318928797
2022-04-12,AVAX,2,0.023186454474983364,0.0,0.0,mark,79.5,0.0,0.8573981525071356
2022-04-12,AVAX,2,-0.025329517054557948,0.0,0.0,mark,73.88,0.0,0.8359534103999282
2022-04-12,AVAX,2,0.01103090588656762,0.0,0.0,mark,76.31,0.0,0.8452257810975286
2022-04-13,AVAX,2,4.5144201302387845e-05,0.0,0.0,mark,76.32,0.0,0.8452639390016339
2022-04-13,AVAX,2,-0.00011319992389717382,0.00011319351702751761,0.0,funding,76.32,0.0,0.8451682606035618
2022-04-13,AVAX,2,0.019360579399270786,0.0,0.0,mark,80.65,0.0,0.8616906330811789
2022-04-13,AVAX,2,-0.02171105082044873,0.0,0.0,mark,75.8,0.0,0.8431840495900835
2022-04-13,AVAX,2,0.019716345588730994,0.0,0.0,mark,80.2,0.0,0.8599735273964381
2022-04-14,AVAX,2,0.0,0.0,0.0,mark,80.2,0.0,0.8599735273964381
2022-04-14,AVAX,2,-0.00011692037729190766,0.00011691354237104129,0.0,funding,80.2,0.0,0.8598729848450049
2022-04-14,AVAX,2,0.007383501801497812,0.0,0.0,mark,81.87,0.0,0.8662453548305985
2022-04-14,AVAX,2,-0.025474143976810627,0.0,0.0,mark,76.16,0.0,0.844457191586443
2022-04-14,AVAX,2,0.0029328052434551026,0.0,0.0,mark,76.81,0.0,0.8469374553532908
2022-04-15,AVAX,2,-4.5054996059866795e-05,0.0,0.0,mark,76.8,0.0,0.8468992974491855
2022-04-15,AVAX,2,-0.00011369193779647381,0.00011368547511302685,0.0,funding,76.8,0.0,0.846803017300182
2022-04-15,AVAX,2,0.007765347649331337,0.0,0.0,mark,78.53,0.0,0.8534043347104078
2022-04-15,AVAX,2,-0.01704581067726029,0.0,0.0,mark,74.75,0.0,0.8389806469585851
2022-04-15,AVAX,2,0.01211529253159187,0.0,0.0,mark,77.43,0.0,0.8492069652588192
2022-04-16,AVAX,2,4.493256462381902e-05,0.0,0.0,mark,77.44,0.0,0.8492451231629246
2022-04-16,AVAX,2,-0.00011432274428673406,0.00011431620969085354,0.0,funding,77.44,0.0,0.8491480406793461
2022-04-16,AVAX,2,0.003678036480891785,0.0,0.0,mark,78.26,0.0,0.8522769888159849
2022-04-16,AVAX,2,-0.007911032042035878,0.0,0.0,mark,76.5,0.0,0.8455611976934431
2022-04-16,AVAX,2,0.005580188454060321,0.0,0.0,mark,77.74,0.0,0.8502927778025066
2022-04-17,AVAX,2,0.0,0.0,0.0,mark,77.74,0.0,0.8502927778025066
2022-04-17,AVAX,2,-0.00011462424016669082,0.00011461767105954226,0.0,funding,77.74,0.0,0.8501953192245961
2022-04-17,AVAX,2,0.004209971461131991,0.0,0.0,mark,78.68,0.0,0.8537821622104992
2022-04-17,AVAX,2,-0.016220242998135362,0.0,0.0,mark,75.08,0.0,0.8400453167325728
2022-04-17,AVAX,2,0.0015432119122472103,0.0,0.0,mark,75.42,0.0,0.8413426854721547
2022-04-18,AVAX,2,-4.535461006465942e-05,0.0,0.0,mark,75.41,0.0,0.8413045275680494
2022-04-18,AVAX,2,-0.00011237653846210773,0.00011237022445551136,0.0,funding,75.41,0.0,0.8412099899894512
2022-04-18,AVAX,2,0.011455758407799584,0.0,0.0,mark,77.95,0.0,0.8509020976322104
2022-04-18,AVAX,2,-0.02935097462003859,0.0,0.0,mark,71.5,0.0,0.8262902494842589
2022-04-18,AVAX,2,0.028363918336123985,0.0,0.0,mark,77.73,0.0,0.8500626237418927
2022-04-19,AVAX,2,0.0,0.0,0.0,mark,77.73,0.0,0.8500626237418927
2022-04-19,AVAX,2,-0.00011464052700406602,0.00011463395602995622,0.0,funding,77.73,0.0,0.84996517770046
2022-04-19,AVAX,2,0.01501580291387009,0.0,0.0,mark,81.1,0.0,0.8628243913839633
2022-04-19,AVAX,2,-0.01919963762556819,0.0,0.0,mark,76.8,0.0,0.8464164926186623
2022-04-19,AVAX,2,0.015566644245499044,0.0,0.0,mark,80.28,0.0,0.8596954432473245
2022-04-20,AVAX,2,-4.438635944454796e-05,0.0,0.0,mark,80.27,0.0,0.8596572853432192
2022-04-20,AVAX,2,-0.0001170654850205718,0.00011705863312401784,0.0,funding,80.27,0.0,0.8595566550364417
2022-04-20,AVAX,2,0.004606199426933742,0.0,0.0,mark,81.31,0.0,0.8635250770633983
2022-04-20,AVAX,2,-0.01715896074593231,0.0,0.0,mark,77.46,0.0,0.8488342839828381
2022-04-20,AVAX,2,0.0033658269108722,0.0,0.0,mark,78.21,0.0,0.8516961267907395
2022-04-21,AVAX,2,4.480124794579475e-05,0.0,0.0,mark,78.22,0.0,0.8517342846948448
2022-04-21,AVAX,2,-0.00011513681659798218,0.00011513018860908713,0.0,funding,78.22,0.0,0.8516362243660031
2022-04-21,AVAX,2,0.008876759895940702,0.0,0.0,mark,80.21,0.0,0.8592296472829679
2022-04-21,AVAX,2,-0.02737215994263484,0.0,0.0,mark,74.13,0.0,0.8360296415869144
2022-04-21,AVAX,2,0.004053892744280005,0.0,0.0,mark,75.02,0.0,0.8394256950522907
2022-04-22,AVAX,2,-4.545818841555309e-05,0.0,0.0,mark,75.01,0.0,0.8393875371481854
2022-04-22,AVAX,2,-0.00011203572024545629,0.00011202944447847553,0.0,funding,75.01,0.0,0.8392935010286965
2022-04-22,AVAX,2,0.009997471934330867,0.0,0.0,mark,77.22,0.0,0.847726397835979
2022-04-22,AVAX,2,-0.017664795800919602,0.0,0.0,mark,73.33,0.0,0.8328829731389974
2022-04-22,AVAX,2,0.003201865662326307,0.0,0.0,mark,74.03,0.0,0.835554026426372
2022-04-23,AVAX,2,4.566674521510031e-05,0.0,0.0,mark,74.04,0.0,0.8355921843304773
2022-04-23,AVAX,2,-0.00011108916363439849,0.00011108299346165167,0.0,funding,74.04,0.0,0.8354993642493287
2022-04-23,AVAX,2,0.0017339852568233748,0.0,0.0,mark,74.42,0.0,0.836949364605332
2022-04-23,AVAX,2,-0.009482287069564858,0.0,0.0,mark,72.35,0.0,0.8290506784555243
2022-04-23,AVAX,2,0.0022068122154977675,0.0,0.0,mark,72.83,0.0,0.8308822578525812
2022-04-24,AVAX,2,4.5923507908718394e-05,0.0,0.0,mark,72.84,0.0,0.8309204157566865
2022-04-24,AVAX,2,-0.00010990309074089373,0.00010989705161745716,0.0,funding,72.84,0.0,0.8308291000528661
2022-04-24,AVAX,2,0.0029808404254885353,0.0,0.0,mark,73.49,0.0,0.833309363819714
2022-04-24,AVAX,2,-0.011467409837377885,0.0,0.0,mark,71.0,0.0,0.8238080456974816
2022-04-24,AVAX,2,0.0023594794760367476,0.0,0.0,mark,71.51,0.0,0.8257540988068545
2022-04-25,AVAX,2,-4.6210834219967634e-05,0.0,0.0,mark,71.5,0.0,0.8257159409027491
2022-04-25,AVAX,2,-0.00010856116121245035,0.00010855526866291062,0.0,funding,71.5,0.0,0.8256263050869452
2022-04-25,AVAX,2,0.0068627185238975975,0.0,0.0,mark,72.99,0.0,0.8313118327986425
2022-04-25,AVAX,2,-0.026181943253132355,0.0,0.0,mark,67.36,0.0,0.8098289327873298
2022-04-25,AVAX,2,0.025676906600474645,0.0,0.0,mark,72.88,0.0,0.8308920958534837
2022-04-26,AVAX,2,9.184381952550857e-05,0.0,0.0,mark,72.9,0.0,0.8309684116616944
2022-04-26,AVAX,2,-0.00010998727197742423,0.0001099812235991802,0.0,funding,72.9,0.0,0.8308770207390076
2022-04-26,AVAX,2,-0.025112106079322166,0.0,0.0,mark,67.5,0.0,0.8102717525221179
2022-04-26,AVAX,2,0.026397175875875267,0.0,0.0,mark,73.18,0.0,0.8319454420539574
2022-04-26,AVAX,2,-0.020761956695956936,0.0,0.0,mark,68.7,0.0,0.8148507010147601
2022-04-27,AVAX,2,0.0,0.0,0.0,mark,68.7,0.0,0.8148507010147601
2022-04-27,AVAX,2,-0.00010570053357283901,0.00010569494746821967,0.0,funding,68.7,0.0,0.8147645754127218
2022-04-27,AVAX,2,-0.00178124108888415,0.0,0.0,mark,68.32,0.0,0.8133145750567184
2022-04-27,AVAX,2,0.017025689760331805,0.0,0.0,mark,71.98,0.0,0.827280367959277
2022-04-27,AVAX,2,-0.009826519246559196,0.0,0.0,mark,69.86,0.0,0.8191908922889425
2022-04-28,AVAX,2,0.0,0.0,0.0,mark,69.86,0.0,0.8191908922889425
2022-04-28,AVAX,2,-0.00010691588029213246,0.00010691016499307586,0.0,funding,69.86,0.0,0.8191033124554871
2022-04-28,AVAX,2,0.004183882738786124,0.0,0.0,mark,70.76,0.0,0.8225375238249687
2022-04-28,AVAX,2,-0.01925059343678049,0.0,0.0,mark,66.65,0.0,0.8068546252376694
2022-04-28,AVAX,2,0.002880669104842739,0.0,0.0,mark,67.26,0.0,0.8091822573880958
2022-04-29,AVAX,2,0.0,0.0,0.0,mark,67.26,0.0,0.8091822573880958
2022-04-29,AVAX,2,-0.00010420982671742933,0.00010420439706198601,0.0,funding,67.26,0.0,0.8090979370388514
2022-04-29,AVAX,2,0.00343684355625672,0.0,0.0,mark,67.99,0.0,0.811883464038542
2022-04-29,AVAX,2,-0.02758967777016907,0.0,0.0,mark,62.2,0.0,0.7897900375615436
2022-04-29,AVAX,2,0.005780936353548292,0.0,0.0,mark,63.4,0.0,0.7943689860541857
2022-04-30,AVAX,2,0.0,0.0,0.0,mark,63.4,0.0,0.7943689860541857
2022-04-30,AVAX,2,-0.00010006086186970516,0.00010005585594868894,0.0,funding,63.4,0.0,0.794289504785347
2022-04-30,AVAX,2,-0.04094038528498294,0.0,0.0,mark,55.05,0.0,0.7624276548573787
2022-04-30,AVAX,2,0.04692746409374074,0.0,0.0,mark,64.65,0.0,0.7990592427985158
2022-04-30,AVAX,2,-0.037314571381432224,0.0,0.0,mark,56.98,0.0,0.7697921303497115
2022-05-01,AVAX,2,0.0,0.0,0.0,mark,56.98,0.0,0.7697921303497115
2022-05-01,AVAX,2,-0.0004096287584288732,0.00040954487202356693,0.28244473932659786,rotation,56.98,-0.0038157904105351127,0.7694768659302027
2022-08-02,TRX,3,-0.0007247373144570303,0.0007244747558020435,0.49963776262209897,entry,0.06985,5.504075872338315,0.7689193993656626
2022-08-02,TRX,3,-0.00016428454119421496,0.00016427104722792606,0.0,funding,0.06985,0.0,0.7687930881706949
2022-08-02,TRX,3,0.004500263102386509,0.0,0.0,mark,0.07048,0.0,0.772260655970268
2022-08-02,TRX,3,-0.019867194726542133,0.0,0.0,mark,0.06772,0.0,0.7570694065626143
2022-08-02,TRX,3,0.004280267850443638,0.0,0.0,mark,0.06831,0.0,0.7603168113272939
2022-08-03,TRX,3,-7.23944943097989e-05,0.0,0.0,mark,0.0683,0.0,0.7602617705685706
2022-08-03,TRX,3,-0.00016246816050803308,0.00016245496327117458,0.0,funding,0.0683,0.0,0.7601382622705564
2022-08-03,TRX,3,0.0067114533847669475,0.0,0.0,mark,0.06923,0.0,0.765257052831831
2022-08-03,TRX,3,-0.014124568309490238,0.0,0.0,mark,0.06728,0.0,0.7545241048807713
2022-08-03,TRX,3,0.004004093540950236,0.0,0.0,mark,0.06783,0.0,0.7575513466105573
2022-08-04,TRX,3,0.0,0.0,0.0,mark,0.06783,0.0,0.7575513466105573
2022-08-04,TRX,3,-0.0001619273980815772,0.0001619142885480671,0.0,funding,0.06783,0.0,0.7574286882232323
2022-08-04,TRX,3,0.01285194653673629,0.0,0.0,mark,0.06961,0.0,0.7672259432759945
2022-08-04,TRX,3,-0.014670296449570247,0.0,0.0,mark,0.06758,0.0,0.7560526692551477
2022-08-04,TRX,3,0.0096358476302289,0.0,0.0,mark,0.06891,0.0,0.7633730901653576
2022-08-05,TRX,3,-7.210464162721762e-05,0.0,0.0,mark,0.0689,0.0,0.7633180494066343
2022-08-05,TRX,3,-0.00016323924216638593,0.0001632259193662892,0.0,funding,0.0689,0.0,0.763193456116251
2022-08-05,TRX,3,0.00876003815802327,0.0,0.0,mark,0.07012,0.0,0.7699084286805037
2022-08-05,TRX,3,-0.014038633404090084,0.0,0.0,mark,0.06817,0.0,0.759175480729444
2022-08-05,TRX,3,0.012393009954201976,0.0,0.0,mark,0.06989,0.0,0.7686424912298658
2022-08-06,TRX,3,0.0,0.0,0.0,mark,0.06989,0.0,0.7686424912298658
2022-08-06,TRX,3,-0.0001644378506744283,0.00016442433151210662,0.0,funding,0.06989,0.0,0.7685161077020736
2022-08-06,TRX,3,0.005072101405863836,0.0,0.0,mark,0.0706,0.0,0.7724240015714338
2022-08-06,TRX,3,-0.00952239987148369,0.0,0.0,mark,0.06927,0.0,0.7651035806612239
2022-08-06,TRX,3,0.0014377452230238408,0.0,0.0,mark,0.06947,0.0,0.7662043958356916
2022-08-07,TRX,3,0.0,0.0,0.0,mark,0.06947,0.0,0.7662043958356916
2022-08-07,TRX,3,-0.00016396973623221427,0.00016395629392976073,0.0,funding,0.06947,0.0,0.7660787718025577
2022-08-07,TRX,3,0.0063740599774504934,0.0,0.0,mark,0.07036,0.0,0.7709773993289388
2022-08-07,TRX,3,-0.00889188562033615,0.0,0.0,mark,0.06912,0.0,0.7641523452472393
2022-08-07,TRX,3,0.0035949561488394137,0.0,0.0,mark,0.06962,0.0,0.7669043831834085
2022-08-08,TRX,3,0.0,0.0,0.0,mark,0.06962,0.0,0.7669043831834085
2022-08-08,TRX,3,-0.00016417381178663148,0.00016416033600380955,0.0,funding,0.06962,0.0,0.7667784879021823
2022-08-08,TRX,3,-0.0005025990520997615,0.0,0.0,mark,0.06955,0.0,0.7663932025911186
2022-08-08,TRX,3,0.011638330601006176,0.0,0.0,mark,0.07118,0.0,0.77536484626303
2022-08-08,TRX,3,-0.0076961262113059035,0.0,0.0,mark,0.0701,0.0,0.7694204443209046
2022-08-09,TRX,3,-7.153790609983475e-05,0.0,0.0,mark,0.07009,0.0,0.7693654035621813
2022-08-09,TRX,3,-0.00016475348705734136,0.00016473991594691668,0.0,funding,0.07009,0.0,0.7692386583702661
2022-08-09,TRX,3,-0.013253049435093348,0.0,0.0,mark,0.06825,0.0,0.7591111587651636
2022-08-09,TRX,3,0.019743197763691482,0.0,0.0,mark,0.071,0.0,0.7742473674140938
2022-08-09,TRX,3,-0.01865618602899622,0.0,0.0,mark,0.0684,0.0,0.7599367701460142
2022-08-10,TRX,3,-7.243069980302722e-05,0.0,0.0,mark,0.06839,0.0,0.7598817293872909
2022-08-10,TRX,3,-0.0001627636340418923,0.00016275038876020445,0.0,funding,0.06839,0.0,0.7597580583404213
2022-08-10,TRX,3,0.01574093866141903,0.0,0.0,mark,0.07058,0.0,0.7718119845008422
2022-08-10,TRX,3,-0.01951519812525213,0.0,0.0,mark,0.06787,0.0,0.7568959388868054
2022-08-10,TRX,3,0.01808790627732786,0.0,0.0,mark,0.07038,0.0,0.7707111693263745
2022-08-11,TRX,3,-7.141809589696038e-05,0.0,0.0,mark,0.07037,0.0,0.7706561285676512
2022-08-11,TRX,3,-0.0007290169451947893,0.0007287512769043626,0.50258708752025,rotation,0.07037,-5.504075872338315,0.7700945119299033
2022-09-02,TRX,4,-0.0007247373144570303,0.0007244747558020436,0.49963776262209897,entry,0.06328,6.080409275414257,0.7695365978964284
2022-09-02,TRX,4,-0.00016428454119421496,0.00016427104722792604,0.0,funding,0.06328,0.0,0.7694101853136117
2022-09-02,TRX,4,-0.007695139953371333,0.0,0.0,mark,0.06231,0.0,0.7635121883164598
2022-09-02,TRX,4,0.010378450853897835,0.0,0.0,mark,0.06362,0.0,0.7714775244672525
2022-09-02,TRX,4,-0.007992179553750228,0.0,0.0,mark,0.06261,0.0,0.7653363110990841
2022-09-03,TRX,4,0.0,0.0,0.0,mark,0.06261,0.0,0.7653363110990841
2022-09-03,TRX,4,-0.0001634371229918187,0.00016342376787278613,0.0,funding,0.06261,0.0,0.7652112369554344
2022-09-03,TRX,4,0.004598123324097889,0.0,0.0,mark,0.06319,0.0,0.7687378743351746
2022-09-03,TRX,4,-0.006506996856727696,0.0,0.0,mark,0.06237,0.0,0.7637519387293349
2022-09-03,TRX,4,0.005794879339616079,0.0,0.0,mark,0.0631,0.0,0.7681906375003873
2022-09-04,TRX,4,7.914921572802901e-05,0.0,0.0,mark,0.06311,0.0,0.7682514415931414
2022-09-04,TRX,4,-0.00016411726380446205,0.00016410379730297323,0.0,funding,0.06311,0.0,0.7681253686142925
2022-09-04,TRX,4,0.004423111736788353,0.0,0.0,mark,0.06367,0.0,0.7715303978085245
2022-09-04,TRX,4,-0.009422610077975277,0.0,0.0,mark,0.06248,0.0,0.7642947107707815
2022-09-04,TRX,4,0.008160858923421267,0.0,0.0,mark,0.06351,0.0,0.7705575323244581
2022-09-05,TRX,4,0.0,0.0,0.0,mark,0.06351,0.0,0.7705575323244581
2022-09-05,TRX,4,-0.00016466323091128747,0.00016464967466555539,0.0,funding,0.06351,0.0,0.7704306602774498
2022-09-05,TRX,4,0.001340778377629241,0.0,0.0,mark,0.06368,0.0,0.7714643298542703
2022-09-05,TRX,4,-0.0097417222860734,0.0,0.0,mark,0.06245,0.0,0.7639854264455107
2022-09-05,TRX,4,0.0039715044758337125,0.0,0.0,mark,0.06295,0.0,0.7670256310832179
2022-09-06,TRX,4,7.926942773380647e-05,0.0,0.0,mark,0.06296,0.0,0.767086435175972
2022-09-06,TRX,4,-0.00016397583726723557,0.0001639623939644964,0.0,funding,0.06296,0.0,0.7669606618476829
2022-09-06,TRX,4,0.008761506277909904,0.0,0.0,mark,0.06407,0.0,0.7737099161433927
2022-09-06,TRX,4,-0.028537756938779177,0.0,0.0,mark,0.06049,0.0,0.7519420509374096
2022-09-06,TRX,4,0.0016159484037768974,0.0,0.0,mark,0.06069,0.0,0.7531581327924924
2022-09-07,TRX,4,0.0,0.0,0.0,mark,0.06069,0.0,0.7531581327924924
2022-09-07,TRX,4,-0.00016098661139585563,0.0001609736537465859,0.0,funding,0.06069,0.0,0.7530368941760078
2022-09-07,TRX,4,0.009962609191818168,0.0,0.0,mark,0.06193,0.0,0.7605766016775215
2022-09-07,TRX,4,-0.015143698827782813,0.0,0.0,mark,0.06005,0.0,0.7491454322397427
2022-09-07,TRX,4,0.01418390158309086,0.0,0.0,mark,0.06181,0.0,0.7598469525644718
2022-09-08,TRX,4,0.0,0.0,0.0,mark,0.06181,0.0,0.7598469525644718
2022-09-08,TRX,4,-0.00016251435963257426,0.00016250115488934555,0.0,funding,0.06181,0.0,0.7597234765571409
2022-09-08,TRX,4,0.0010399076798811764,0.0,0.0,mark,0.06194,0.0,0.7605139297629447
2022-09-08,TRX,4,-0.01620074155979882,0.0,0.0,mark,0.05993,0.0,0.748292307119362
2022-09-08,TRX,4,0.010749219200309426,0.0,0.0,mark,0.06126,0.0,0.756379251455663
2022-09-09,TRX,4,0.0,0.0,0.0,mark,0.06126,0.0,0.756379251455663
2022-09-09,TRX,4,-0.0001618066457700028,0.0001617935557806328,0.0,funding,0.06126,0.0,0.7562568741670512
2022-09-09,TRX,4,0.019585680550115468,0.0,0.0,mark,0.06372,0.0,0.7712146809845702
2022-09-09,TRX,4,-0.020390017695407315,0.0,0.0,mark,0.06116,0.0,0.7556488332395097
2022-09-09,TRX,4,0.018100982420698856,0.0,0.0,mark,0.06343,0.0,0.7694513622947001
2022-09-10,TRX,4,0.0,0.0,0.0,mark,0.06343,0.0,0.7694513622947001
2022-09-10,TRX,4,-0.00016469223934530207,0.00016467867832288655,0.0,funding,0.06343,0.0,0.7693246500613237
2022-09-10,TRX,4,-0.0035629451172495084,0.0,0.0,mark,0.06298,0.0,0.7665884658873872
2022-09-10,TRX,4,0.01409803605909689,0.0,0.0,mark,0.06477,0.0,0.7774723984903786
2022-09-10,TRX,4,-0.0002346497199753187,0.0,0.0,mark,0.06474,0.0,0.7772899862121163
2022-09-11,TRX,4,7.822269131692501e-05,0.0,0.0,mark,0.06475,0.0,0.7773507903048704
2022-09-11,TRX,4,-0.00016641125575764877,0.00016639741017271932,0.0,funding,0.06475,0.0,0.777221441146568
2022-09-11,TRX,4,-0.009985233440858606,0.0,0.0,mark,0.06348,0.0,0.7694993213667919
2022-09-11,TRX,4,0.011861056577139303,0.0,0.0,mark,0.06499,0.0,0.7786807393726675
2022-09-11,TRX,4,-0.006266476346400333,0.0,0.0,mark,0.06419,0.0,0.773816411952336
2022-09-12,TRX,4,7.857381032724279e-05,0.0,0.0,mark,0.0642,0.0,0.7738772160450901
2022-09-12,TRX,4,-0.0001657382659941124,0.00016572453216635738,0.0,funding,0.0642,0.0,0.7737489656055068
2022-09-12,TRX,4,0.004469271475336324,0.0,0.0,mark,0.06477,0.0,0.7772147988924929
2022-09-12,TRX,4,-0.013071795706754635,0.0,0.0,mark,0.06311,0.0,0.7671213194953053
2022-09-12,TRX,4,0.005927101087325975,0.0,0.0,mark,0.06386,0.0,0.771681626451866
2022-09-13,TRX,4,-7.879737744529908e-05,0.0,0.0,mark,0.06385,0.0,0.7716208223591119
2022-09-13,TRX,4,-0.00016531668756653538,0.00016530302351592155,0.0,funding,0.06385,0.0,0.7714932711041681
2022-09-13,TRX,4,-0.0254629567110821,0.0,0.0,mark,0.06066,0.0,0.7520967655155966
2022-09-13,TRX,4,0.02640827188169124,0.0,0.0,mark,0.06397,0.0,0.7722229202172177
2022-09-13,TRX,4,-0.026246592745979725,0.0,0.0,mark,0.06068,0.0,0.7522183737011048
2022-09-14,TRX,4,0.0,0.0,0.0,mark,0.06068,0.0,0.7522183737011048
2022-09-14,TRX,4,-0.00016116118955788387,0.00016114820379107802,0.0,funding,0.06068,0.0,0.7520971550613242
2022-09-14,TRX,4,-0.0009706236391933441,0.0,0.0,mark,0.06056,0.0,0.7513675059482745
2022-09-14,TRX,4,0.009583950770956216,0.0,0.0,mark,0.06175,0.0,0.7586031929860174
2022-09-14,TRX,4,-0.0010425283199906202,0.0,0.0,mark,0.06162,0.0,0.7578127397802136
2022-09-15,TRX,4,0.0,0.0,0.0,mark,0.06162,0.0,0.7578127397802136
2022-09-15,TRX,4,-0.0007171604435052948,0.0007169033454182285,0.4944161002884334,rotation,0.06162,-6.080409275414257,0.7572694612918646
2022-12-02,DOGE,5,-0.0007247373144570303,0.0007244747558020435,0.4996377626220989,entry,0.10175,3.7185299198222053,0.7567208386838188
2022-12-02,DOGE,5,-0.00016428454119421496,0.00016427104722792604,0.0,funding,0.10175,0.0,0.756596531359189
2022-12-02,DOGE,5,0.009051315681314629,0.0,0.0,mark,0.1036,0.0,0.7634758117108601
2022-12-02,DOGE,5,-0.034436349109141,0.0,0.0,mark,0.09665,0.0,0.7376320287680957
2022-12-02,DOGE,5,0.027103739901705733,0.0,0.0,mark,0.1021,0.0,0.7578980168311268
2022-12-03,DOGE,5,0.0,0.0,0.0,mark,0.1021,0.0,0.7578980168311268
2022-12-03,DOGE,5,-0.0001645936263060889,0.00016458008151831974,0.0,funding,0.1021,0.0,0.7577732819137342
2022-12-03,DOGE,5,-0.01992403568008771,0.0,0.0,mark,0.09808,0.0,0.7428247916360489
2022-12-03,DOGE,5,0.02525860775293859,0.0,0.0,mark,0.10319,0.0,0.7618264795263403
2022-12-03,DOGE,5,-0.017181705122508398,0.0,0.0,mark,0.0997,0.0,0.7488488101061608
2022-12-04,DOGE,5,0.0,0.0,0.0,mark,0.0997,0.0,0.7488488101061608
2022-12-04,DOGE,5,-0.00016266669318480313,0.00016265346367553147,0.0,funding,0.0997,0.0,0.7487270072534277
2022-12-04,DOGE,5,-0.0007949510257698654,0.0,0.0,mark,0.09954,0.0,0.7481320424662561
2022-12-04,DOGE,5,0.03039952025567935,0.0,0.0,mark,0.10575,0.0,0.7712241132683519
2022-12-04,DOGE,5,-0.008181875094439857,0.0,0.0,mark,0.10406,0.0,0.7649397977038525
2022-12-05,DOGE,5,-4.861324141591021e-05,0.0,0.0,mark,0.10405,0.0,0.7649026124046543
2022-12-05,DOGE,5,-0.00016620126756143654,0.00016618745689587705,0.0,funding,0.10405,0.0,0.7647754951847258
2022-12-05,DOGE,5,0.037551927525532686,0.0,0.0,mark,0.11192,0.0,0.7940403256537265
2022-12-05,DOGE,5,-0.06131675656491871,0.0,0.0,mark,0.09922,0.0,0.7468149956719845
2022-12-05,DOGE,5,0.011239350831279757,0.0,0.0,mark,0.10149,0.0,0.7552560585899809
2022-12-06,DOGE,5,0.0,0.0,0.0,mark,0.10149,0.0,0.7552560585899809
2022-12-06,DOGE,5,-0.00016418254660903784,0.0001641690693923682,0.0,funding,0.10149,0.0,0.7551320689056893
2022-12-06,DOGE,5,-0.01723514852931427,0.0,0.0,mark,0.09802,0.0,0.7422287700839062
2022-12-06,DOGE,5,0.023469590568372424,0.0,0.0,mark,0.10276,0.0,0.7598546019038634
2022-12-06,DOGE,5,-0.01265666738841576,0.0,0.0,mark,0.10019,0.0,0.7502979800099203
2022-12-07,DOGE,5,4.9559480039239585e-05,0.0,0.0,mark,0.1002,0.0,0.7503351653091185
2022-12-07,DOGE,5,-0.00016315866814844347,0.00016314535849684412,0.0,funding,0.1002,0.0,0.7502127516095813
2022-12-07,DOGE,5,-0.03793483327845335,0.0,0.0,mark,0.09269,0.0,0.7222865919117165
2022-12-07,DOGE,5,0.04287922346113035,0.0,0.0,mark,0.1012,0.0,0.7539312815294035
2022-12-07,DOGE,5,-0.027248304137902763,0.0,0.0,mark,0.09575,0.0,0.7336652934663724
2022-12-08,DOGE,5,0.0,0.0,0.0,mark,0.09575,0.0,0.7336652934663724
2022-12-08,DOGE,5,-0.0001594548502682793,0.00015944213801932588,0.0,funding,0.09575,0.0,0.7335483163033916
2022-12-08,DOGE,5,-0.005897671497682612,0.0,0.0,mark,0.09459,0.0,0.7292348215963977
2022-12-08,DOGE,5,0.023135720218656463,0.0,0.0,mark,0.09918,0.0,0.7463028739283817
2022-12-08,DOGE,5,-0.003543919431639527,0.0,0.0,mark,0.09847,0.0,0.7436627176853079
2022-12-09,DOGE,5,0.0,0.0,0.0,mark,0.09847,0.0,0.7436627176853079
2022-12-09,DOGE,5,-0.00016178019697486447,0.00016176711126446896,0.0,funding,0.09847,0.0,0.7435424175157128
2022-12-09,DOGE,5,0.004889106731270305,0.0,0.0,mark,0.09945,0.0,0.7471865768371385
2022-12-09,DOGE,5,-0.01929552843619918,0.0,0.0,mark,0.09561,0.0,0.7329074219450212
2022-12-09,DOGE,5,0.0055150636269871755,0.0,0.0,mark,0.0967,0.0,0.7369606195576274
2022-12-10,DOGE,5,0.0,0.0,0.0,mark,0.0967,0.0,0.7369606195576274
2022-12-10,DOGE,5,-0.00016031689993594174,0.00016030404986838522,0.0,funding,0.0967,0.0,0.7368424817857188
2022-12-10,DOGE,5,-0.0033869335960987805,0.0,0.0,mark,0.09603,0.0,0.734351066739438
2022-12-10,DOGE,5,0.0070641631236347925,0.0,0.0,mark,0.09743,0.0,0.739557008627189
2022-12-10,DOGE,5,-0.0055967686861678415,0.0,0.0,mark,0.09632,0.0,0.7354294404161863
2022-12-11,DOGE,5,0.0,0.0,0.0,mark,0.09632,0.0,0.7354294404161863
2022-12-11,DOGE,5,-0.00016001935351257472,0.00016000655109878453,0.0,funding,0.09632,0.0,0.7353117668878488
2022-12-11,DOGE,5,0.004188591414515826,0.0,0.0,mark,0.09715,0.0,0.7383981467213012
2022-12-11,DOGE,5,-0.028295690071404117,0.0,0.0,mark,0.09161,0.0,0.7177974909654862
2022-12-11,DOGE,5,0.005424755143095018,0.0,0.0,mark,0.09266,0.0,0.7217019473812996
2022-12-12,DOGE,5,0.0,0.0,0.0,mark,0.09266,0.0,0.7217019473812996
2022-12-12,DOGE,5,-0.00015686670819900888,0.00015685440526024615,0.0,funding,0.09266,0.0,0.7215887452515679
2022-12-12,DOGE,5,0.001750573133195159,0.0,0.0,mark,0.093,0.0,0.7228530454243074
2022-12-12,DOGE,5,-0.0435817928427043,0.0,0.0,mark,0.08471,0.0,0.6920264323889813
2022-12-12,DOGE,5,0.02954281414613994,0.0,0.0,mark,0.09029,0.0,0.7127758293415892
2022-12-13,DOGE,5,0.0,0.0,0.0,mark,0.09029,0.0,0.7127758293415892
2022-12-13,DOGE,5,-0.00015476850864221906,0.000154756532614498,0.0,funding,0.09029,0.0,0.7126655226257089
2022-12-13,DOGE,5,0.02707563250868675,0.0,0.0,mark,0.09555,0.0,0.7322249900039737
2022-12-13,DOGE,5,-0.04486908823966078,0.0,0.0,mark,0.08691,0.0,0.7000968914967098
2022-12-13,DOGE,5,0.021751124495080126,0.0,0.0,mark,0.09105,0.0,0.7154916053647737
2022-12-14,DOGE,5,0.0,0.0,0.0,mark,0.09105,0.0,0.7154916053647737
2022-12-14,DOGE,5,-0.0001554789039817496,0.00015546681776345262,0.0,funding,0.09105,0.0,0.7153803701617513
2022-12-14,DOGE,5,0.007354018568065918,0.0,0.0,mark,0.09247,0.0,0.7206606826478987
2022-12-14,DOGE,5,-0.028630569978962926,0.0,0.0,mark,0.087,0.0,0.7003203239864713
2022-12-14,DOGE,5,0.006562516728767682,0.0,0.0,mark,0.08824,0.0,0.7049313010870508
2022-12-15,DOGE,5,5.274885426216293e-05,0.0,0.0,mark,0.08825,0.0,0.704968486386249
2022-12-15,DOGE,5,-0.00015294684535960913,0.00015293514958712634,0.0,funding,0.08825,0.0,0.7048606719253293
2022-12-15,DOGE,5,0.002897352834873229,0.0,0.0,mark,0.0888,0.0,0.7069058633812315
2022-12-15,DOGE,5,-0.025465702727480888,0.0,0.0,mark,0.08402,0.0,0.6891312903644814
2022-12-15,DOGE,5,0.004468653551746289,0.0,0.0,mark,0.08485,0.0,0.6922176701979338
2022-12-16,DOGE,5,-0.00010744393997018794,0.0,0.0,mark,0.08483,0.0,0.6921432995995374
2022-12-16,DOGE,5,-0.00014974359856894653,0.00014973238755581784,0.0,funding,0.08483,0.0,0.6920396633307575
2022-12-16,DOGE,5,0.010636083232774807,0.0,0.0,mark,0.08682,0.0,0.6994395378712036
2022-12-16,DOGE,5,-0.07110431646920856,0.0,0.0,mark,0.07391,0.0,0.651433316606299
2022-12-16,DOGE,5,0.010109373551414377,0.0,0.0,mark,0.07569,0.0,0.6580522998635825
2022-12-17,DOGE,5,0.0,0.0,0.0,mark,0.07569,0.0,0.6580522998635825
2022-12-17,DOGE,5,-0.00014053060342518052,0.00014052072946243324,0.0,funding,0.07569,0.0,0.6579598298743812
2022-12-17,DOGE,5,0.02124874189463148,0.0,0.0,mark,0.07949,0.0,0.6720902435697056
2022-12-17,DOGE,5,-0.0222099768039572,0.0,0.0,mark,0.07552,0.0,0.6573276797880114
2022-12-17,DOGE,5,0.020548762652506585,0.0,0.0,mark,0.07919,0.0,0.6709746845937589
2022-12-18,DOGE,5,-5.54213601369233e-05,0.0,0.0,mark,0.07918,0.0,0.6709374992945607
2022-12-18,DOGE,5,-0.00014418731111180496,0.0001441769166210444,0.0,funding,0.07918,0.0,0.670840765594667
2022-12-18,DOGE,5,0.004810896295423048,0.0,0.0,mark,0.08005,0.0,0.6740758866249122
2022-12-18,DOGE,5,-0.013663476166875507,0.0,0.0,mark,0.07759,0.0,0.6649283030221497
2022-12-18,DOGE,5,0.004909222013078647,0.0,0.0,mark,0.07847,0.0,0.6682006093515932
2022-12-19,DOGE,5,-5.565145166774164e-05,0.0,0.0,mark,0.07846,0.0,0.668163424052395
2022-12-19,DOGE,5,-0.00014346932691862899,0.00014345903568695745,0.0,funding,0.07846,0.0,0.6680675699718992
2022-12-19,DOGE,5,0.005827391183863006,0.0,0.0,mark,0.07951,0.0,0.6719720263877125
2022-12-19,DOGE,5,-0.054236613275447244,0.0,0.0,mark,0.06997,0.0,0.6364972509526087
2022-12-19,DOGE,5,0.007913963222886632,0.0,0.0,mark,0.07133,0.0,0.6415544516435668
2022-12-20,DOGE,5,0.0,0.0,0.0,mark,0.07133,0.0,0.6415544516435668
2022-12-20,DOGE,5,-0.0001358408842757016,0.00013583165832059565,0.0,funding,0.07133,0.0,0.6414673082384972
2022-12-20,DOGE,5,-0.0018567346966295447,0.0,0.0,mark,0.07101,0.0,0.640277378664154
2022-12-20,DOGE,5,0.026647519585887416,0.0,0.0,mark,0.07566,0.0,0.6575685427913273
2022-12-20,DOGE,5,-0.004704674160447246,0.0,0.0,mark,0.07483,0.0,0.6544821629578748
2022-12-21,DOGE,5,0.0,0.0,0.0,mark,0.07483,0.0,0.6544821629578748
2022-12-21,DOGE,5,-0.00013969168799687093,0.00013968193156722162,0.0,funding,0.07483,0.0,0.6543907436251765
2022-12-21,DOGE,5,0.001079079379179888,0.0,0.0,mark,0.07502,0.0,0.6550972643099428
2022-12-21,DOGE,5,-0.021283986042372593,0.0,0.0,mark,0.07131,0.0,0.6413015183074023
2022-12-21,DOGE,5,0.01399179595883935,0.0,0.0,mark,0.07374,0.0,0.6503375460125703
2022-12-22,DOGE,5,-0.00028593317374119454,0.0,0.0,mark,0.07369,0.0,0.6501516195165792
2022-12-22,DOGE,5,-0.0001384797528099029,0.00013847016493151486,0.0,funding,0.07369,0.0,0.6500615929145942
2022-12-22,DOGE,5,0.023405864227484096,0.0,0.0,mark,0.07783,0.0,0.6654563067826581
2022-12-22,DOGE,5,-0.02581126964834017,0.0,0.0,mark,0.07327,0.0,0.6484998103482689
2022-12-22,DOGE,5,0.020320039194069717,0.0,0.0,mark,0.07685,0.0,0.6618121474612324
2022-12-23,DOGE,5,0.0001123678680229604,0.0,0.0,mark,0.07687,0.0,0.6618865180596288
2022-12-23,DOGE,5,-0.00014189479319573123,0.00014188472660569456,0.0,funding,0.07687,0.0,0.6617926064719699
2022-12-23,DOGE,5,0.012119223353060848,0.0,0.0,mark,0.07904,0.0,0.6698618163979841
2022-12-23,DOGE,5,-0.0161166034791735,0.0,0.0,mark,0.07616,0.0,0.6591524502288962
2022-12-23,DOGE,5,0.005905975093337029,0.0,0.0,mark,0.07721,0.0,0.6630569066447095
2022-12-24,DOGE,5,0.0,0.0,0.0,mark,0.07721,0.0,0.6630569066447095
2022-12-24,DOGE,5,-0.00014227085592246496,0.00014226073590422938,0.0,funding,0.07721,0.0,0.6629625796812239
2022-12-24,DOGE,5,0.0052027739275529086,0.0,0.0,mark,0.07814,0.0,0.6664208125066585
2022-12-24,DOGE,5,-0.008573824933238994,0.0,0.0,mark,0.07661,0.0,0.6607314617293305
2022-12-24,DOGE,5,0.0051083183686791,0.0,0.0,mark,0.07752,0.0,0.6641153239563687
2022-12-25,DOGE,5,-5.599379947979201e-05,0.0,0.0,mark,0.07751,0.0,0.6640781386571705
2022-12-25,DOGE,5,-0.0001426040371630158,0.0001425938696906724,0.0,funding,0.07751,0.0,0.6639834451856024
2022-12-25,DOGE,5,0.0007837397363142767,0.0,0.0,mark,0.07765,0.0,0.6645040393743775
2022-12-25,DOGE,5,-0.025217267118047563,0.0,0.0,mark,0.0732,0.0,0.6479565812311687
2022-12-25,DOGE,5,0.015828093625788076,0.0,0.0,mark,0.07598,0.0,0.6582940944082745
2022-12-26,DOGE,5,5.64857702716441e-05,0.0,0.0,mark,0.07599,0.0,0.6583312797074726
2022-12-26,DOGE,5,-0.00014102784808374465,0.00014101790412413736,0.0,funding,0.07599,0.0,0.6582384432101889
2022-12-26,DOGE,5,0.003665263896098161,0.0,0.0,mark,0.07664,0.0,0.6606554876580732
2022-12-26,DOGE,5,-0.013771764121085545,0.0,0.0,mark,0.07421,0.0,0.6516194599529053
2022-12-26,DOGE,5,0.008353708599960031,0.0,0.0,mark,0.07568,0.0,0.6570856989350439
2022-12-27,DOGE,5,5.658964594261923e-05,0.0,0.0,mark,0.07569,0.0,0.657122884234242
2022-12-27,DOGE,5,-0.0001407293798386067,0.00014071947792385824,0.0,funding,0.07569,0.0,0.6570304142450407
2022-12-27,DOGE,5,0.002656480848421933,0.0,0.0,mark,0.07616,0.0,0.6587781233073572
2022-12-27,DOGE,5,-0.020529812247440486,0.0,0.0,mark,0.07256,0.0,0.6453914155959972
2022-12-27,DOGE,5,0.006661297033900453,0.0,0.0,mark,0.07372,0.0,0.6497049103029909
2022-12-28,DOGE,5,0.0,0.0,0.0,mark,0.07372,0.0,0.6497049103029909
2022-12-28,DOGE,5,-0.000138631391430289,0.00013862178254308669,0.0,funding,0.07372,0.0,0.6496148470501978
2022-12-28,DOGE,5,0.0010870083413300488,0.0,0.0,mark,0.07391,0.0,0.6503213677349641
2022-12-28,DOGE,5,-0.02724226845129693,0.0,0.0,mark,0.06921,0.0,0.6328442771117997
2022-12-28,DOGE,5,0.0069679885198077616,0.0,0.0,mark,0.0704,0.0,0.6372693277163881
2022-12-29,DOGE,5,-5.8352697239231154e-05,0.0,0.0,mark,0.07039,0.0,0.6372321424171898
2022-12-29,DOGE,5,-0.0001349599469724321,0.00013495084028849902,0.0,funding,0.07039,0.0,0.6371461474041118
2022-12-29,DOGE,5,-0.006675531306286192,0.0,0.0,mark,0.06925,0.0,0.6329070232955145
2022-12-29,DOGE,5,0.013828448019711392,0.0,0.0,mark,0.07162,0.0,0.6417199392054931
2022-12-29,DOGE,5,-0.003948132354484453,0.0,0.0,mark,0.07094,0.0,0.639191338860014
2022-12-30,DOGE,5,-5.8177228971561e-05,0.0,0.0,mark,0.07093,0.0,0.6391541535608158
2022-12-30,DOGE,5,-0.00013558638691014125,0.0001355771954913828,0.0,funding,0.07093,0.0,0.6390674988331894
2022-12-30,DOGE,5,-0.030244433409311187,0.0,0.0,mark,0.06581,0.0,0.6200286256436996
2022-12-30,DOGE,5,0.03326557927424656,0.0,0.0,mark,0.07145,0.0,0.6410011343914969
2022-12-30,DOGE,5,-0.017851841936522065,0.0,0.0,mark,0.0684,0.0,0.6296596181360391
2022-12-31,DOGE,5,0.0,0.0,0.0,mark,0.0684,0.0,0.6296596181360391
2022-12-31,DOGE,5,-0.00013272153060795097,0.00013271272349524787,0.0,funding,0.0684,0.0,0.6295760542932413
2022-12-31,DOGE,5,0.017389931853814072,0.0,0.0,mark,0.07137,0.0,0.6406200881551132
2022-12-31,DOGE,5,-0.019992131978476654,0.0,0.0,mark,0.06796,0.0,0.6279399011285195
2022-12-31,DOGE,5,0.013469779108373702,0.0,0.0,mark,0.07025,0.0,0.6364553346449123
2022-12-31,DOGE,5,-0.0005953151633551493,0.0005951379984413449,0.41043999892506544,boundary_exit,0.07025,-3.7185299198222053,0.6360765558909545
2024-01-01,SOL,1,-0.000586766906285887,0.0005865947922499863,0.40454813258619743,entry,101.72,0.003977075625110081,0.99941340520775
2024-01-01,SOL,1,-0.00013299794533704683,0.0001329891015024404,0.0,funding,101.72,0.0,0.999280494116962
2024-01-01,SOL,1,0.03215281444728086,0.0,0.0,mark,109.93,0.0,1.0319322849991157
2024-01-01,SOL,1,-0.033267818813819634,0.0,0.0,mark,101.44,0.0,0.998166912941931
2024-01-01,SOL,1,0.03319073567633793,0.0,0.0,mark,109.91,0.0,1.0318527434866134
2024-01-02,SOL,1,7.708313748175231e-05,0.0,0.0,mark,109.93,0.0,1.0319322849991157
2024-01-02,SOL,1,-0.00013920349074072406,0.0001391938023843817,0.0,funding,109.93,0.0,1.0317886464205634
2024-01-02,SOL,1,0.02669928560834941,0.0,0.0,mark,116.95,0.0,1.0597077173088363
2024-01-02,SOL,1,-0.041885281780433783,0.0,0.0,mark,106.02,0.0,1.016238280726383
2024-01-02,SOL,1,0.0027747507590365076,0.0,0.0,mark,106.73,0.0,1.0190620044202112
2024-01-03,SOL,1,-3.902758827439327e-05,0.0,0.0,mark,106.72,0.0,1.01902223366396
2024-01-03,SOL,1,-0.00013685061198318322,0.00013684124836521686,0.0,funding,106.72,0.0,1.0188827893893935
2024-01-03,SOL,1,0.01233630771636628,0.0,0.0,mark,109.9,0.0,1.0315298898772436
2024-01-03,SOL,1,-0.10092839969709384,0.0,0.0,mark,85.0,0.0,0.9325007068120026
2024-01-03,SOL,1,0.05606102126762639,0.0,0.0,mark,98.52,0.0,0.9862707692634909
2024-01-04,SOL,1,0.0,0.0,0.0,mark,98.52,0.0,0.9862707692634909
2024-01-04,SOL,1,-0.000130530336029645,0.0001305218173159669,0.0,funding,98.52,0.0,0.986142039410321
2024-01-04,SOL,1,0.03810224758341702,0.0,0.0,mark,108.15,0.0,1.024441277680131
2024-01-04,SOL,1,-0.045875673955368186,0.0,0.0,mark,96.6,0.0,0.9785060542101096
2024-01-04,SOL,1,0.03321760210958219,0.0,0.0,mark,104.91,0.0,1.0115555526547744
2024-01-05,SOL,1,0.0,0.0,0.0,mark,104.91,0.0,1.0115555526547744
2024-01-05,SOL,1,-0.00013552251337244574,0.00013551333061139793,0.0,funding,104.91,0.0,1.0114184733927356
2024-01-05,SOL,1,0.002238832363825282,0.0,0.0,mark,105.48,0.0,1.0136854064990484
2024-01-05,SOL,1,-0.04104563518951899,0.0,0.0,mark,95.23,0.0,0.97292038134167
2024-01-05,SOL,1,0.019070399429703372,0.0,0.0,mark,99.94,0.0,0.9916524075359385
2024-01-06,SOL,1,-4.0106345211276264e-05,0.0,0.0,mark,99.93,0.0,0.9916126367796875
2024-01-06,SOL,1,-0.00013168530085364737,0.0001316766307249174,0.0,funding,99.93,0.0,0.991482064568692
2024-01-06,SOL,1,-0.03427518250332736,0.0,0.0,mark,91.53,0.0,0.9580746293177673
2024-01-06,SOL,1,0.03575824218645697,0.0,0.0,mark,100.3,0.0,0.9929535825499827
2024-01-06,SOL,1,-0.026502714901350803,0.0,0.0,mark,93.77,0.0,0.9669832787180138
2024-01-07,SOL,1,0.0,0.0,0.0,mark,93.77,0.0,0.9669832787180138
2024-01-07,SOL,1,-0.000126714798694593,0.0001267067707135843,0.0,funding,93.77,0.0,0.9668607553894334
2024-01-07,SOL,1,-0.025369652152185902,0.0,0.0,mark,87.68,0.0,0.942640364832513
2024-01-07,SOL,1,0.03775619374810345,0.0,0.0,mark,96.8,0.0,0.9789112945335169
2024-01-07,SOL,1,-0.030358045894666716,0.0,0.0,mark,89.44,0.0,0.9496400179327067
2024-01-08,SOL,1,0.0,0.0,0.0,mark,89.44,0.0,0.9496400179327067
2024-01-08,SOL,1,-0.0001230706170012876,0.0001230630441234916,0.0,funding,89.44,0.0,0.9495231523412784
2024-01-08,SOL,1,0.043159945840226165,0.0,0.0,mark,99.97,0.0,0.9914017586736875
2024-01-08,SOL,1,-0.06124934749781089,0.0,0.0,mark,85.16,0.0,0.9325012686658072
2024-01-08,SOL,1,0.05282982535085808,0.0,0.0,mark,97.88,0.0,0.9830896706172074
2024-01-09,SOL,1,0.0,0.0,0.0,mark,97.88,0.0,0.9830896706172074
2024-01-09,SOL,1,-0.00013010199298790832,0.0001300935300906536,0.0,funding,97.88,0.0,0.9829617770115612
2024-01-09,SOL,1,-0.010698033285106233,0.0,0.0,mark,95.25,0.0,0.9725020681175217
2024-01-09,SOL,1,0.03866581084947148,0.0,0.0,mark,104.89,0.0,1.010841077143583
2024-01-09,SOL,1,-0.021997536491209963,0.0,0.0,mark,99.36,0.0,0.9888478489367242
2024-01-10,SOL,1,0.0,0.0,0.0,mark,99.36,0.0,0.9888478489367242
2024-01-10,SOL,1,-0.0001313002314325055,0.00013129161193429348,0.0,funding,99.36,0.0,0.9887180215086795
2024-01-10,SOL,1,0.024476330166346573,0.0,0.0,mark,105.52,0.0,1.0132168073593575
2024-01-10,SOL,1,-0.055856032280733325,0.0,0.0,mark,91.68,0.0,0.958174080707834
2024-01-10,SOL,1,0.041942999727309485,0.0,0.0,mark,102.0,0.0,0.99921750115897
2024-01-11,SOL,1,-3.980269330936986e-05,0.0,0.0,mark,101.99,0.0,0.9991777304027188
2024-01-11,SOL,1,-0.0001333824467717786,0.00013337355172877543,0.0,funding,101.99,0.0,0.9990444665200068
2024-01-11,SOL,1,0.020996118405175564,0.0,0.0,mark,107.32,0.0,1.0202422796018435
2024-01-11,SOL,1,-0.038343110621855,0.0,0.0,mark,97.67,0.0,0.9818634998195312
2024-01-11,SOL,1,0.008992149382540199,0.0,0.0,mark,99.9,0.0,0.9907323784635268
2024-01-12,SOL,1,-4.014359012737733e-05,0.0,0.0,mark,99.89,0.0,0.9906926077072756
2024-01-12,SOL,1,-0.00013175483799474164,0.00013174615870732178,0.0,funding,99.89,0.0,0.9905620877617505
2024-01-12,SOL,1,0.0024060841840168445,0.0,0.0,mark,100.49,0.0,0.9929483331368165
2024-01-12,SOL,1,-0.055546287855290345,0.0,0.0,mark,87.0,0.0,0.9392975829540815
2024-01-12,SOL,1,0.021446930296542425,0.0,0.0,mark,92.12,0.0,0.9596602101546451
2024-01-13,SOL,1,8.288164439925956e-05,0.0,0.0,mark,92.14,0.0,0.9597397516671473
2024-01-13,SOL,1,-0.00012545178253547574,0.0001254439137896462,0.0,funding,92.14,0.0,0.9596193581564787
2024-01-13,SOL,1,0.020144875767499088,0.0,0.0,mark,97.05,0.0,0.9791467994757692
2024-01-13,SOL,1,-0.031104566282056198,0.0,0.0,mark,89.51,0.0,0.9491596492624392
2024-01-13,SOL,1,0.02621851695834549,0.0,0.0,mark,95.85,0.0,0.9743743087256371
2024-01-14,SOL,1,0.0,0.0,0.0,mark,95.85,0.0,0.9743743087256371
2024-01-14,SOL,1,-0.00012854319077438195,0.0001285349294523314,0.0,funding,95.85,0.0,0.9742490675926049
2024-01-14,SOL,1,0.028254083275719724,0.0,0.0,mark,102.87,0.0,1.0021681384808776
2024-01-14,SOL,1,-0.037399068507563436,0.0,0.0,mark,93.62,0.0,0.9653801889486093
2024-01-14,SOL,1,0.0007824365924083442,0.0,0.0,mark,93.81,0.0,0.9661358333173803
2024-01-15,SOL,1,0.0,0.0,0.0,mark,93.81,0.0,0.9661358333173803
2024-01-15,SOL,1,-0.00012688005784171593,0.00012687200890762736,0.0,funding,93.81,0.0,0.9660132577233297
2024-01-15,SOL,1,0.012885175307301518,0.0,0.0,mark,96.96,0.0,0.9785410459424264
2024-01-15,SOL,1,-0.01634944814510764,0.0,0.0,mark,92.97,0.0,0.9626725141982372
2024-01-15,SOL,1,0.005726062517169361,0.0,0.0,mark,94.36,0.0,0.9682006493171402
2024-01-16,SOL,1,-4.107782114461582e-05,0.0,0.0,mark,94.35,0.0,0.9681608785608891
2024-01-16,SOL,1,-0.00012734353383394531,0.0001273354259902954,0.0,funding,94.35,0.0,0.9680375973829903
2024-01-16,SOL,1,-0.0007808988515776002,0.0,0.0,mark,94.16,0.0,0.9672819530142194
2024-01-16,SOL,1,0.018615656429203445,0.0,0.0,mark,98.73,0.0,0.9854571886209724
2024-01-16,SOL,1,-0.00453030542127671,0.0,0.0,mark,97.61,0.0,0.9810028639208491
2024-01-17,SOL,1,-4.054173938442295e-05,0.0,0.0,mark,97.6,0.0,0.980963093164598
2024-01-17,SOL,1,-0.00013001104570689004,0.0001300025946371267,0.0,funding,97.6,0.0,0.9808355654172433
2024-01-17,SOL,1,0.020865662973782742,0.0,0.0,mark,102.8,0.0,1.0015163586678157
2024-01-17,SOL,1,-0.025335901196008523,0.0,0.0,mark,96.5,0.0,0.9764607822296223
2024-01-17,SOL,1,0.02255229269216263,0.0,0.0,mark,102.1,0.0,0.9987324057302387
2024-01-18,SOL,1,0.0,0.0,0.0,mark,102.1,0.0,0.9987324057302387
2024-01-18,SOL,1,-0.00013358585630473947,0.00013357693411148458,0.0,funding,102.1,0.0,0.9985989981174834
2024-01-18,SOL,1,0.00591661868640779,0.0,0.0,mark,103.59,0.0,1.0045248407988976
2024-01-18,SOL,1,-0.04942407573852674,0.0,0.0,mark,91.41,0.0,0.9560840596850568
2024-01-18,SOL,1,0.012360955639151943,0.0,0.0,mark,94.4,0.0,0.967975515804136
2024-01-19,SOL,1,-4.108737529556812e-05,0.0,0.0,mark,94.39,0.0,0.9679357450478848
2024-01-19,SOL,1,-0.00012742715844712743,0.00012741903995168127,0.0,funding,94.39,0.0,0.9678124116045159
2024-01-19,SOL,1,0.004428273898361964,0.0,0.0,mark,95.47,0.0,0.9721076532796348
2024-01-19,SOL,1,-0.03509749289703441,0.0,0.0,mark,87.04,0.0,0.9385809057599568
2024-01-19,SOL,1,0.02750000627292894,0.0,0.0,mark,93.62,0.0,0.9647500633731811
2024-01-20,SOL,1,0.0,0.0,0.0,mark,93.62,0.0,0.9647500633731811
2024-01-20,SOL,1,-0.00012680495574080125,0.00012679691633222802,0.0,funding,93.62,0.0,0.9646277360401141
2024-01-20,SOL,1,0.0026763085296164914,0.0,0.0,mark,94.27,0.0,0.9672128351964356
2024-01-20,SOL,1,-0.016877023388271337,0.0,0.0,mark,90.2,0.0,0.9510261374022376
2024-01-20,SOL,1,0.011145096053231664,0.0,0.0,mark,92.88,0.0,0.9616847000775326
2024-01-21,SOL,1,0.0,0.0,0.0,mark,92.88,0.0,0.9616847000775326
2024-01-21,SOL,1,-0.00012620360922949153,0.0001261956458889813,0.0,funding,92.88,0.0,0.9615633396556648
2024-01-21,SOL,1,0.004333451241529545,0.0,0.0,mark,93.93,0.0,0.9657392690620303
2024-01-21,SOL,1,-0.013015378259710142,0.0,0.0,mark,90.79,0.0,0.9532512515991847
2024-01-21,SOL,1,0.0012508524178697518,0.0,0.0,mark,91.09,0.0,0.9544443742867177
2024-01-22,SOL,1,-4.1669882446544904e-05,0.0,0.0,mark,91.08,0.0,0.9544046035304665
2024-01-22,SOL,1,-0.00012470172053069976,0.00012469394559433004,0.0,funding,91.08,0.0,0.954285595054759
2024-01-22,SOL,1,0.00341160154951731,0.0,0.0,mark,91.9,0.0,0.9575467970673492
2024-01-22,SOL,1,-0.04172809635568603,0.0,0.0,mark,82.06,0.0,0.918412372916266
2024-01-22,SOL,1,0.007678522985559974,0.0,0.0,mark,83.84,0.0,0.9254915675289619
2024-01-23,SOL,1,0.0,0.0,0.0,mark,83.84,0.0,0.9254915675289619
2024-01-23,SOL,1,-0.0001183748328524697,0.00011836782682845263,0.0,funding,83.84,0.0,0.9253820191033655
2024-01-23,SOL,1,0.009240351288333726,0.0,0.0,mark,86.0,0.0,0.9339725024536032
2024-01-23,SOL,1,-0.03026093249263927,0.0,0.0,mark,79.0,0.0,0.9061329730778326
2024-01-23,SOL,1,0.023210043377551216,0.0,0.0,mark,84.35,0.0,0.9274103276721715
2024-01-24,SOL,1,4.2882748154754634e-05,0.0,0.0,mark,84.36,0.0,0.9274500984284226
2024-01-24,SOL,1,-0.00011885752962085205,0.0001188504663444418,0.0,funding,84.36,0.0,0.9273398705517132
2024-01-24,SOL,1,-0.004556378684168663,0.0,0.0,mark,83.3,0.0,0.9231241703890964
2024-01-24,SOL,1,0.026234911154872836,0.0,0.0,mark,89.47,0.0,0.9476627269960256
2024-01-24,SOL,1,-0.0029420278964283793,0.0,0.0,mark,88.77,0.0,0.9448787740584486
2024-01-25,SOL,1,0.0,0.0,0.0,mark,88.77,0.0,0.9448787740584486
2024-01-25,SOL,1,-0.0001227641765797992,0.00012275664136657122,0.0,funding,88.77,0.0,0.9447627839136465
2024-01-25,SOL,1,-0.015612581153043606,0.0,0.0,mark,85.09,0.0,0.9301271456132415
2024-01-25,SOL,1,0.0192682450989113,0.0,0.0,mark,89.64,0.0,0.9482228397074923
2024-01-25,SOL,1,-0.011516338606474072,0.0,0.0,mark,86.91,0.0,0.9373654232509417
2024-01-26,SOL,1,-4.242913061420311e-05,0.0,0.0,mark,86.9,0.0,0.9373256524946907
2024-01-26,SOL,1,-0.00012114638257629125,0.00012113904464968691,0.0,funding,86.9,0.0,0.9372121057606219
2024-01-26,SOL,1,-0.003996883007835112,0.0,0.0,mark,85.96,0.0,0.9334736546730183
2024-01-26,SOL,1,0.03252679381689705,0.0,0.0,mark,93.72,0.0,0.9643357615238726
2024-01-26,SOL,1,-0.005956496124742367,0.0,0.0,mark,92.28,0.0,0.958608772623714
2024-01-27,SOL,1,4.1487134694832495e-05,0.0,0.0,mark,92.29,0.0,0.9586485433799652
2024-01-27,SOL,1,-0.0001257990659845938,0.00012579115361382895,0.0,funding,92.29,0.0,0.9585279538737832
2024-01-27,SOL,1,0.009127834316016062,0.0,0.0,mark,94.5,0.0,0.9673172910052764
2024-01-27,SOL,1,-0.015830376686769693,0.0,0.0,mark,90.68,0.0,0.9521248621173559
2024-01-27,SOL,1,0.014925448601859903,0.0,0.0,mark,94.28,0.0,0.9664423343677522
2024-01-28,SOL,1,-4.115255838513165e-05,0.0,0.0,mark,94.27,0.0,0.966402563611501
2024-01-28,SOL,1,-0.00012746706418856525,0.00012745894060743875,0.0,funding,94.27,0.0,0.9662793869645427
2024-01-28,SOL,1,0.02105578556044472,0.0,0.0,mark,99.44,0.0,0.9868408679463618
2024-01-28,SOL,1,-0.02501484281068957,0.0,0.0,mark,93.31,0.0,0.962461394364437
2024-01-28,SOL,1,0.010972534575124381,0.0,0.0,mark,95.98,0.0,0.9730801862834809
2024-01-29,SOL,1,4.087016064931594e-05,0.0,0.0,mark,95.99,0.0,0.973119957039732
2024-01-29,SOL,1,-0.00012889689994605974,0.00012888859309756047,0.0,funding,95.99,0.0,0.972994532977554
2024-01-29,SOL,1,-0.0038085806629080724,0.0,0.0,mark,95.06,0.0,0.9692958526462017
2024-01-29,SOL,1,0.027997536344766736,0.0,0.0,mark,101.98,0.0,0.9968172159719634
2024-01-29,SOL,1,-0.0011976491599570217,0.0,0.0,mark,101.68,0.0,0.9956240932844304
2024-01-30,SOL,1,-3.994635211523748e-05,0.0,0.0,mark,101.67,0.0,0.9955843225281792
2024-01-30,SOL,1,-0.00013344386795487552,0.00013343496471794714,0.0,funding,101.67,0.0,0.9954514767692288
2024-01-30,SOL,1,0.019074024538379558,0.0,0.0,mark,106.49,0.0,1.0146209812822593
2024-01-30,SOL,1,-0.02195474847696235,0.0,0.0,mark,100.95,0.0,0.9925879823191495
2024-01-30,SOL,1,0.0018014247166051195,0.0,0.0,mark,101.4,0.0,0.994377666350449
2024-01-31,SOL,1,0.0,0.0,0.0,mark,101.4,0.0,0.994377666350449
2024-01-31,SOL,1,-0.0001332509760774668,0.00013324209856052817,0.0,funding,101.4,0.0,0.9942451733834228
2024-01-31,SOL,1,0.005306025107963668,0.0,0.0,mark,102.73,0.0,0.9995346839648191
2024-01-31,SOL,1,-0.027552171014316253,0.0,0.0,mark,95.9,0.0,0.9723712574453173
2024-01-31,SOL,1,0.004326113002196116,0.0,0.0,mark,96.96,0.0,0.9765869576079339
2024-02-01,SOL,1,0.0,0.0,0.0,mark,96.96,0.0,0.9765869576079339
2024-02-01,SOL,1,-0.00012973726233584437,0.00012972884682111878,0.0,funding,96.96,0.0,0.9764602661081029
2024-02-01,SOL,1,0.004672959300288922,0.0,0.0,mark,98.11,0.0,0.9810339030769795
2024-02-01,SOL,1,-0.02047806915251688,0.0,0.0,mark,93.11,0.0,0.9611485249514291
2024-02-01,SOL,1,0.019261139947569658,0.0,0.0,mark,97.81,0.0,0.9798407803894464
2024-02-02,SOL,1,0.0,0.0,0.0,mark,97.81,0.0,0.9798407803894464
2024-02-02,SOL,1,-0.00013044004604743806,0.00013043153911450442,0.0,funding,97.81,0.0,0.9797129782483731
2024-02-02,SOL,1,-0.0017064154288659098,0.0,0.0,mark,97.39,0.0,0.9780426064858269
2024-02-02,SOL,1,0.020844982813732208,0.0,0.0,mark,102.57,0.0,0.998643858223897
2024-02-02,SOL,1,-0.00795669883095156,0.0,0.0,mark,100.58,0.0,0.9907294777299279
2024-02-03,SOL,1,-4.0143707665189995e-05,0.0,0.0,mark,100.57,0.0,0.9906897069736768
2024-02-03,SOL,1,-0.00013265220542573418,0.0001326434075109748,0.0,funding,100.57,0.0,0.9905582985151578
2024-02-03,SOL,1,0.0026864275361829274,0.0,0.0,mark,101.24,0.0,0.9932229391839815
2024-02-03,SOL,1,-0.019039955494056425,0.0,0.0,mark,96.53,0.0,0.974490912989713
2024-02-03,SOL,1,0.005819127498329763,0.0,0.0,mark,97.96,0.0,0.9801781311336204
2024-02-04,SOL,1,-4.05758523470925e-05,0.0,0.0,mark,97.95,0.0,0.9801383603773693
2024-02-04,SOL,1,-0.00013058710093890495,0.00013057857481455157,0.0,funding,97.95,0.0,0.9800103753071502
2024-02-04,SOL,1,0.002593879364789699,0.0,0.0,mark,98.59,0.0,0.9825557037072207
2024-02-04,SOL,1,-0.014309264014040495,0.0,0.0,mark,95.08,0.0,0.9685961682630843
2024-02-04,SOL,1,0.0016820529189999732,0.0,0.0,mark,95.49,0.0,0.9702267692693793
2024-02-05,SOL,1,-4.099203676755903e-05,0.0,0.0,mark,95.48,0.0,0.9701869985131283
2024-02-05,SOL,1,-0.0001285996407826904,0.00012859137220330732,0.0,funding,95.48,0.0,0.9700622408356957
2024-02-05,SOL,1,0.013115024818921055,0.0,0.0,mark,98.7,0.0,0.9828684243485502
2024-02-05,SOL,1,-0.018747604462010462,0.0,0.0,mark,94.11,0.0,0.9646136472292949
2024-02-05,SOL,1,0.006370274160864004,0.0,0.0,mark,95.66,0.0,0.9707781144482155
2024-02-06,SOL,1,0.0,0.0,0.0,mark,95.66,0.0,0.9707781144482155
2024-02-06,SOL,1,-0.0001287636357157602,0.0001287553460346388,0.0,funding,95.66,0.0,0.9706531215761669
2024-02-06,SOL,1,0.009054928632627954,0.0,0.0,mark,97.88,0.0,0.9794822294639113
2024-02-06,SOL,1,-0.02051084502646731,0.0,0.0,mark,92.88,0.0,0.9595968513383609
2024-02-06,SOL,1,0.01644219359124352,0.0,0.0,mark,96.88,0.0,0.9755051538388012
2024-02-07,SOL,1,-4.077022743699389e-05,0.0,0.0,mark,96.87,0.0,0.9754653830825502
2024-02-07,SOL,1,-0.00012976587112394625,0.0001297574518975002,0.0,funding,96.87,0.0,0.9753388091800271
2024-02-07,SOL,1,0.01902355983970958,0.0,0.0,mark,101.58,0.0,0.9940708353742956
2024-02-07,SOL,1,-0.028240585071338052,0.0,0.0,mark,94.62,0.0,0.9663903890235295
2024-02-07,SOL,1,0.02647868314927009,0.0,0.0,mark,101.14,0.0,0.9923209220992472
2024-02-08,SOL,1,0.0,0.0,0.0,mark,101.14,0.0,0.9923209220992472
2024-02-08,SOL,1,-0.00013318477835331117,0.0001331759096545176,0.0,funding,101.14,0.0,0.9921887688577774
2024-02-08,SOL,1,0.015274944214257012,0.0,0.0,mark,104.98,0.0,1.0074607392582002
2024-02-08,SOL,1,-0.01780342133476741,0.0,0.0,mark,100.51,0.0,0.9896832112139582
2024-02-08,SOL,1,0.009001070032736236,0.0,0.0,mark,102.76,0.0,0.9986316313704559
2024-02-09,SOL,1,3.9824458872001754e-05,0.0,0.0,mark,102.77,0.0,0.9986714021267069
2024-02-09,SOL,1,-0.00013447074570219065,0.00013446170491673195,0.0,funding,102.77,0.0,0.9985371190673253
2024-02-09,SOL,1,0.02501573851559386,0.0,0.0,mark,109.13,0.0,1.0238313200430254
2024-02-09,SOL,1,-0.02505556833015753,0.0,0.0,mark,102.76,0.0,0.9984973483110742
2024-02-09,SOL,1,0.016512115625679707,0.0,0.0,mark,106.94,0.0,1.0151215244240344
2024-02-10,SOL,1,0.0,0.0,0.0,mark,106.94,0.0,1.0151215244240344
2024-02-10,SOL,1,-0.0001376597276557177,0.00013765025299017282,0.0,funding,106.94,0.0,1.0149817926893816
2024-02-10,SOL,1,-0.0003135188536727396,0.0,0.0,mark,106.86,0.0,1.0146636266393727
2024-02-10,SOL,1,0.015556763903045634,0.0,0.0,mark,110.86,0.0,1.030571929139813
2024-02-10,SOL,1,-0.007164933854771703,0.0,0.0,mark,109.01,0.0,1.0232143392333595
2024-02-11,SOL,1,0.0,0.0,0.0,mark,109.01,0.0,1.0232143392333595
2024-02-11,SOL,1,-0.00013921461234882876,0.00013920492244442367,0.0,funding,109.01,0.0,1.0230719027606225
2024-02-11,SOL,1,0.0064323292810542386,0.0,0.0,mark,110.67,0.0,1.0296738482983052
2024-02-11,SOL,1,-0.013336783888387944,0.0,0.0,mark,107.24,0.0,1.0160324789041777
2024-02-11,SOL,1,0.0008607796869263305,0.0,0.0,mark,107.46,0.0,1.0169074355417018
2024-02-12,SOL,1,0.0,0.0,0.0,mark,107.46,0.0,1.0169074355417018
2024-02-12,SOL,1,-0.00013808619693816707,0.00013807666347812376,0.0,funding,107.46,0.0,1.0167670243559361
2024-02-12,SOL,1,0.01844749361792934,0.0,0.0,mark,112.22,0.0,1.0356979043314603
2024-02-12,SOL,1,-0.03445559804154167,0.0,0.0,mark,103.4,0.0,1.0006200973179893
2024-02-12,SOL,1,0.032225916571704025,0.0,0.0,mark,111.64,0.0,1.0333912004688963
2024-02-13,SOL,1,3.848493286049429e-05,0.0,0.0,mark,111.65,0.0,1.0334309712251475
2024-02-13,SOL,1,-0.00014117662032822983,0.00014116665537810923,0.0,funding,111.65,0.0,1.0332850852313755
2024-02-13,SOL,1,0.013381436902415276,0.0,0.0,mark,115.15,0.0,1.0472048499192608
2024-02-13,SOL,1,-0.02655429200555902,0.0,0.0,mark,108.25,0.0,1.0197630281060013
2024-02-13,SOL,1,0.016362402025513395,0.0,0.0,mark,112.48,0.0,1.0365860580002169
2024-02-14,SOL,1,3.836632088594723e-05,0.0,0.0,mark,112.49,0.0,1.036625828756468
2024-02-14,SOL,1,-0.0001418004317296071,0.00014179037852365655,0.0,funding,112.49,0.0,1.0364788451878213
2024-02-14,SOL,1,0.023511462469290194,0.0,0.0,mark,118.69,0.0,1.0611367140635037
2024-02-14,SOL,1,-0.030751360198743978,0.0,0.0,mark,110.61,0.0,1.0290019430126143
2024-02-14,SOL,1,0.024284037076579147,0.0,0.0,mark,116.97,0.0,1.0542961439883143
2024-02-15,SOL,1,0.0,0.0,0.0,mark,116.97,0.0,1.0542961439883143
2024-02-15,SOL,1,-0.000144976704482482,0.00014496619586795397,0.0,funding,116.97,0.0,1.054143306687002
2024-02-15,SOL,1,0.005343081345816648,0.0,0.0,mark,118.39,0.0,1.0597907540746583
2024-02-15,SOL,1,-0.026157718163124708,0.0,0.0,mark,111.51,0.0,1.032428473773901
2024-02-15,SOL,1,0.007636557731940875,0.0,0.0,mark,113.5,0.0,1.0403428542678699
2024-02-16,SOL,1,0.0,0.0,0.0,mark,113.5,0.0,1.0403428542678699
2024-02-16,SOL,1,-0.0001425624664530915,0.00014255230490758304,0.0,funding,113.5,0.0,1.0401945509961
2024-02-16,SOL,1,0.002863443386598317,0.0,0.0,mark,114.25,0.0,1.0431773577149326
2024-02-16,SOL,1,-0.024350731994061178,0.0,0.0,mark,107.94,0.0,1.018082010520488
2024-02-16,SOL,1,0.009293075344779397,0.0,0.0,mark,110.33,0.0,1.027587221264501
2024-02-17,SOL,1,-3.8703795719492696e-05,0.0,0.0,mark,110.32,0.0,1.0275474505082498
2024-02-17,SOL,1,-0.00014029354905313173,0.00014028370837341627,0.0,funding,110.32,0.0,1.027403302341363
2024-02-17,SOL,1,0.002937639017812979,0.0,0.0,mark,111.08,0.0,1.0304258798164465
2024-02-17,SOL,1,-0.02374635313781846,0.0,0.0,mark,105.0,0.0,1.0062452600157772
2024-02-17,SOL,1,0.015374579404520979,0.0,0.0,mark,108.92,0.0,1.0218353964662088
2024-02-18,SOL,1,0.0,0.0,0.0,mark,108.92,0.0,1.0218353964662088
2024-02-18,SOL,1,-0.0001392873918478306,0.0001392776918094331,0.0,funding,108.92,0.0,1.0216930775907798
2024-02-18,SOL,1,-0.0055037295227336495,0.0,0.0,mark,107.51,0.0,1.0160854009593745
2024-02-18,SOL,1,0.02523799970876551,0.0,0.0,mark,114.04,0.0,1.0420557047913432
2024-02-18,SOL,1,-0.006893526815204984,0.0,0.0,mark,112.24,0.0,1.0348969686661451
2024-02-19,SOL,1,3.8428938615273706e-05,0.0,0.0,mark,112.25,0.0,1.0349367394223963
2024-02-19,SOL,1,-0.0001417288266668184,0.00014171878361113373,0.0,funding,112.25,0.0,1.0347900694465708
2024-02-19,SOL,1,0.010019254730071866,0.0,0.0,mark,114.87,0.0,1.0452100075843593
2024-02-19,SOL,1,-0.015800983810258448,0.0,0.0,mark,110.75,0.0,1.0288244560089057
2024-02-19,SOL,1,0.003010670657523945,0.0,0.0,mark,111.53,0.0,1.0319265749964917
2024-02-20,SOL,1,0.0,0.0,0.0,mark,111.53,0.0,1.0319265749964917
2024-02-20,SOL,1,-0.000141230482707892,0.00014122051015288427,0.0,funding,111.53,0.0,1.0317808457991304
2024-02-20,SOL,1,0.00223315756827344,0.0,0.0,mark,112.11,0.0,1.0340875496616944
2024-02-20,SOL,1,-0.035665353456629204,0.0,0.0,mark,103.0,0.0,0.9978563907169415
2024-02-20,SOL,1,0.02094279875997846,0.0,0.0,mark,108.31,0.0,1.018974662286276
2024-02-21,SOL,1,3.902941026263201e-05,0.0,0.0,mark,108.32,0.0,1.0190144330425273
2024-02-21,SOL,1,-0.00013890355117953442,0.00013889390452791946,0.0,funding,108.32,0.0,1.0188728981491517
2024-02-21,SOL,1,0.00031222381482768583,0.0,0.0,mark,108.4,0.0,1.0191910641991606
2024-02-21,SOL,1,-0.03240014126553495,0.0,0.0,mark,100.23,0.0,0.9866983563420112
2024-02-21,SOL,1,0.01916253432168331,0.0,0.0,mark,105.03,0.0,1.0057883193425396
2024-02-22,SOL,1,3.954109349056333e-05,0.0,0.0,mark,105.04,0.0,1.0058280900987908
2024-02-22,SOL,1,-0.00013646317010482378,0.00013645385942985565,0.0,funding,105.04,0.0,1.0056908409739738
2024-02-22,SOL,1,0.008113412901188756,0.0,0.0,mark,107.1,0.0,1.0138836167617005
2024-02-22,SOL,1,-0.0220911919604273,0.0,0.0,mark,101.53,0.0,0.9917313055298373
2024-02-22,SOL,1,0.00092192895054708,0.0,0.0,mark,101.76,0.0,0.9926460329236126
2024-02-23,SOL,1,-4.006619849262833e-05,0.0,0.0,mark,101.75,0.0,0.9926062621673615
2024-02-23,SOL,1,-0.00013394958250327564,0.00013394061165848968,0.0,funding,101.75,0.0,0.9924733118774707
2024-02-23,SOL,1,0.00539518949943886,0.0,0.0,mark,103.1,0.0,0.9978423639713693
2024-02-23,SOL,1,-0.01793600442144909,0.0,0.0,mark,98.64,0.0,0.9801046066833783
2024-02-23,SOL,1,0.005099811024092873,0.0,0.0,mark,99.9,0.0,0.985115721971017
2024-02-24,SOL,1,4.0370844338356306e-05,0.0,0.0,mark,99.91,0.0,0.9851554927272681
2024-02-24,SOL,1,-0.00013252195163667476,0.00013251317099079244,0.0,funding,99.91,0.0,0.9850249466490079
2024-02-24,SOL,1,0.019749133296687253,0.0,0.0,mark,104.85,0.0,1.0046717002370515
2024-02-24,SOL,1,-0.02553954471748008,0.0,0.0,mark,98.48,0.0,0.9793377285051004
2024-02-24,SOL,1,0.022208794778533235,0.0,0.0,mark,104.01,0.0,1.001330956711959
2024-02-25,SOL,1,3.971710471971501e-05,0.0,0.0,mark,104.02,0.0,1.0013707274682102
2024-02-25,SOL,1,-0.00013573951825886758,0.00013573030606734882,0.0,funding,104.02,0.0,1.0012348111128841
2024-02-25,SOL,1,0.0016272652906387415,0.0,0.0,mark,104.43,0.0,1.0028654121191793
2024-02-25,SOL,1,-0.00968341399304625,0.0,0.0,mark,102.0,0.0,0.9932011183501618
2024-02-25,SOL,1,0.005869064867704353,0.0,0.0,mark,103.47,0.0,0.9990474195190736
2024-02-26,SOL,1,0.0,0.0,0.0,mark,103.47,0.0,0.9990474195190736
2024-02-26,SOL,1,-0.0001353357720746238,0.00013532661460213813,0.0,funding,103.47,0.0,0.9989122218139631
2024-02-26,SOL,1,0.02911407843550051,0.0,0.0,mark,110.89,0.0,1.0284221229522799
2024-02-26,SOL,1,-0.04185578298588901,0.0,0.0,mark,100.29,0.0,0.986265121326113
2024-02-26,SOL,1,0.038019944528885484,0.0,0.0,mark,109.9,0.0,1.024484818083421
2024-02-27,SOL,1,0.0,0.0,0.0,mark,109.9,0.0,1.024484818083421
2024-02-27,SOL,1,-0.00014017723038109504,0.00014016740601212793,0.0,funding,109.9,0.0,1.0243412187039713
2024-02-27,SOL,1,0.009275019697874871,0.0,0.0,mark,112.3,0.0,1.0338862002042355
2024-02-27,SOL,1,-0.0273357816271438,0.0,0.0,mark,105.29,0.0,1.0060069000722138
2024-02-27,SOL,1,0.012063658693229144,0.0,0.0,mark,108.36,0.0,1.0182165222413018
2024-02-28,SOL,1,-3.905999569865578e-05,0.0,0.0,mark,108.35,0.0,1.0181767514850506
2024-02-28,SOL,1,-0.00013905634349602219,0.00013904667561085037,0.0,funding,108.35,0.0,1.0180351773925724
2024-02-28,SOL,1,0.040988275195468396,0.0,0.0,mark,119.06,0.0,1.0606296573375014
2024-02-28,SOL,1,-0.046865440533501786,0.0,0.0,mark,106.85,0.0,1.0120695639549073
2024-02-28,SOL,1,0.04675294228374572,0.0,0.0,mark,119.03,0.0,1.060510345068748
2024-02-29,SOL,1,0.0,0.0,0.0,mark,119.03,0.0,1.060510345068748
2024-02-29,SOL,1,-0.000146665593037744,0.00014665483816554686,0.0,funding,119.03,0.0,1.0603548160957192
2024-02-29,SOL,1,0.05693403218458112,0.0,0.0,mark,134.65,0.0,1.1224767373599387
2024-02-29,SOL,1,-0.06401033122997331,0.0,0.0,mark,117.15,0.0,1.0528779139205122
2024-02-29,SOL,1,0.03171249313001215,0.0,0.0,mark,125.68,0.0,1.0868023690027013
2024-03-01,SOL,1,0.0,0.0,0.0,mark,125.68,0.0,1.0868023690027013
2024-03-01,SOL,1,-0.00015111350530485612,0.0001511020882342493,0.0,funding,125.68,0.0,1.0866381508952472
2024-03-01,SOL,1,0.043403277912761995,0.0,0.0,mark,137.8,0.0,1.1348403074715814
2024-03-01,SOL,1,-0.043659509448419384,0.0,0.0,mark,125.61,0.0,1.0863597556014895
2024-03-01,SOL,1,0.013887828656465408,0.0,0.0,mark,129.43,0.0,1.10155218448941
2024-03-02,SOL,1,0.0,0.0,0.0,mark,129.43,0.0,1.10155218448941
2024-03-02,SOL,1,-0.0003343897655504515,0.0003343338635240804,0.2305750782924692,resize,129.43,0.001962377201436191,1.1011838982916964
2024-03-02,SOL,1,-0.00022938360116848527,0.00022935729476176235,0.0,funding,129.43,0.0,1.100931333731749
2024-03-02,SOL,1,0.012118822306671785,0.0,0.0,mark,131.69,0.0,1.1143544971197434
2024-03-02,SOL,1,-0.02422248168494689,0.0,0.0,mark,127.2,0.0,1.0876863539285506
2024-03-02,SOL,1,0.015281615886105049,0.0,0.0,mark,130.02,0.0,1.1044356108994111
2024-03-03,SOL,1,5.377672602374215e-05,0.0,0.0,mark,130.03,0.0,1.1044950054276765
2024-03-03,SOL,1,-0.0002297561551764529,0.00022972976325237273,0.0,funding,130.03,0.0,1.1042412700515662
2024-03-03,SOL,1,0.011125707583785222,0.0,0.0,mark,132.11,0.0,1.1165953319307826
2024-03-03,SOL,1,-0.04315269505093072,0.0,0.0,mark,124.17,0.0,1.069436076488005
2024-03-03,SOL,1,0.03272598239039602,0.0,0.0,mark,130.16,0.0,1.1050133989190172
2024-03-04,SOL,1,0.0,0.0,0.0,mark,130.16,0.0,1.1050133989190172
2024-03-04,SOL,1,-0.00022987797935997988,0.00022985155944180952,0.0,funding,130.16,0.0,1.1047594098660716
2024-03-04,SOL,1,0.025426191607377673,0.0,0.0,mark,134.95,0.0,1.1332093889052282
2024-03-04,SOL,1,-0.0406487055877508,0.0,0.0,mark,127.35,0.0,1.0880695474234765
2024-03-04,SOL,1,0.031804381259243716,0.0,0.0,mark,133.27,0.0,1.1232311081566306
2024-03-05,SOL,1,-5.2879677414496635e-05,0.0,0.0,mark,133.26,0.0,1.123171713628365
2024-03-05,SOL,1,-0.00023154818937211154,0.00023152138415897923,0.0,funding,133.26,0.0,1.1229116753585775
2024-03-05,SOL,1,0.04882547987238749,0.0,0.0,mark,142.72,0.0,1.1790988990977054
2024-03-05,SOL,1,-0.21072874783523804,0.0,0.0,mark,105.0,0.0,0.95506273848038
2024-03-05,SOL,1,0.11894337456056835,0.0,0.0,mark,125.31,0.0,1.0756930253875348
2024-03-06,SOL,1,0.0,0.0,0.0,mark,125.31,0.0,1.0756930253875348
2024-03-06,SOL,1,-0.0002273443692540624,0.0002273185284812028,0.0,funding,125.31,0.0,1.075448500431906
2024-03-06,SOL,1,-0.02976449975428015,0.0,0.0,mark,120.0,0.0,1.0439100059229454
2024-03-06,SOL,1,0.08163513902733006,0.0,0.0,mark,134.95,0.0,1.132704825679812
2024-03-06,SOL,1,-0.022054811833596793,0.0,0.0,mark,130.79,0.0,1.1079967019213794
2024-03-07,SOL,1,5.3603892762516123e-05,0.0,0.0,mark,130.8,0.0,1.108056096449645
2024-03-07,SOL,1,-0.00023037400864269267,0.00023034747458837248,0.0,funding,130.8,0.0,1.1078008585261256
2024-03-07,SOL,1,0.0945711716675606,0.0,0.0,mark,149.3,0.0,1.2176807358172317
2024-03-07,SOL,1,-0.09607351419092675,0.0,0.0,mark,130.52,0.0,1.1061378117346927
2024-03-07,SOL,1,0.06898011257149883,0.0,0.0,mark,143.82,0.0,1.1851325343277581
2024-03-08,SOL,1,0.0,0.0,0.0,mark,143.82,0.0,1.1851325343277581
2024-03-08,SOL,1,-0.00023683247258704862,0.00023680442999083216,0.0,funding,143.82,0.0,1.184851889693503
2024-03-08,SOL,1,0.043263586472211554,0.0,0.0,mark,152.64,0.0,1.237237863623641
2024-03-08,SOL,1,-0.052428796886299714,0.0,0.0,mark,142.0,0.0,1.1740420855491887
2024-03-08,SOL,1,0.01401586527125704,0.0,0.0,mark,144.79,0.0,1.1906131589352527
2024-03-09,SOL,1,0.0,0.0,0.0,mark,144.79,0.0,1.1906131589352527
2024-03-09,SOL,1,-0.00023733231953530683,0.00023730415844820045,0.0,funding,144.79,0.0,1.1903306214815341
2024-03-09,SOL,1,0.021522042594360496,0.0,0.0,mark,149.15,0.0,1.216226635805276
2024-03-09,SOL,1,-0.027778763251804724,0.0,0.0,mark,143.54,0.0,1.1829063054483513
2024-03-09,SOL,1,0.0037587280147047307,0.0,0.0,mark,144.29,0.0,1.187360895068261
2024-03-10,SOL,1,5.0021053444140045e-05,0.0,0.0,mark,144.3,0.0,1.1874202895965267
2024-03-10,SOL,1,-0.00023716512308490103,0.00023713700166021253,0.0,funding,144.3,0.0,1.1871387083093412
2024-03-10,SOL,1,0.02079556558539493,0.0,0.0,mark,148.5,0.0,1.2120844101808355
2024-03-10,SOL,1,-0.04034772439273486,0.0,0.0,mark,140.43,0.0,1.164153025870607
2024-03-10,SOL,1,0.020002342460412777,0.0,0.0,mark,144.39,0.0,1.18767325906373
2024-03-11,SOL,1,0.0,0.0,0.0,mark,144.39,0.0,1.18767325906373
2024-03-11,SOL,1,-0.00023726250798071708,0.00023723436345782253,0.0,funding,144.39,0.0,1.1873915021541201
2024-03-11,SOL,1,-0.04031858160108646,0.0,0.0,mark,136.49,0.0,1.1404698248244047
2024-03-11,SOL,1,0.06896649316233942,0.0,0.0,mark,150.2,0.0,1.221899723076354
2024-03-11,SOL,1,-0.0066816161870209695,0.0,0.0,mark,148.83,0.0,1.2137626727039856
2024-03-12,SOL,1,0.0,0.0,0.0,mark,148.83,0.0,1.2137626727039856
2024-03-12,SOL,1,-0.00023930188847815203,0.00023927325806500163,0.0,funding,148.83,0.0,1.21347225175477
2024-03-12,SOL,1,0.029752607732115122,0.0,0.0,mark,155.0,0.0,1.2501186756945604
2024-03-12,SOL,1,-0.06628938745181732,0.0,0.0,mark,141.5,0.0,1.1699360625361857
2024-03-12,SOL,1,0.047344165501740205,0.0,0.0,mark,151.05,0.0,1.2266578370297025
2024-03-13,SOL,1,4.8418628718907946e-05,0.0,0.0,mark,151.06,0.0,1.226717231557968
2024-03-13,SOL,1,-0.00024032262423978113,0.00024029374907105942,0.0,funding,151.06,0.0,1.2264224590753467
2024-03-13,SOL,1,0.07314672952779847,0.0,0.0,mark,166.73,0.0,1.3194936848673267
2024-03-13,SOL,1,-0.08459282388266122,0.0,0.0,mark,148.71,0.0,1.2124647449329629
2024-03-13,SOL,1,0.07177227766049156,0.0,0.0,mark,163.9,0.0,1.3026850333682007
2024-03-14,SOL,1,0.0,0.0,0.0,mark,163.9,0.0,1.3026850333682007
2024-03-14,SOL,1,-0.0002455445544602645,0.0002455144108633555,0.0,funding,163.9,0.0,1.3023652054196928
2024-03-14,SOL,1,0.06446053323109172,0.0,0.0,mark,178.5,0.0,1.3890812166872684
2024-03-14,SOL,1,-0.08612799527807184,0.0,0.0,mark,159.2,0.0,1.2744497771349252
2024-03-14,SOL,1,0.07818628744824146,0.0,0.0,mark,176.65,0.0,1.3780932289581578
2024-03-15,SOL,1,0.0,0.0,0.0,mark,176.65,0.0,1.3780932289581578
2024-03-15,SOL,1,-0.00025016515825155623,0.0002501338695574564,0.0,funding,176.65,0.0,1.3777485211661875
2024-03-15,SOL,1,0.05178989061322677,0.0,0.0,mark,188.98,0.0,1.450981974517503
2024-03-15,SOL,1,-0.10558997108256639,0.0,0.0,mark,164.5,0.0,1.3055841693236503
2024-03-15,SOL,1,0.08478523244282549,0.0,0.0,mark,183.95,0.0,1.4211065267999752
2024-03-16,SOL,1,0.0,0.0,0.0,mark,183.95,0.0,1.4211065267999752
2024-03-16,SOL,1,-0.0002526186856323628,0.00025258678021898253,0.0,funding,183.95,0.0,1.4207475740780227
2024-03-16,SOL,1,0.05687848283810535,0.0,0.0,mark,197.95,0.0,1.5038999136496705
2024-03-16,SOL,1,-0.08731116880450145,0.0,0.0,mark,176.78,0.0,1.378161697311686
2024-03-16,SOL,1,0.022457998980065265,0.0,0.0,mark,182.05,0.0,1.4094626137075847
2024-03-17,SOL,1,0.0,0.0,0.0,mark,182.05,0.0,1.4094626137075847
2024-03-17,SOL,1,-0.00025207473403284565,0.0002520429658663747,0.0,funding,182.05,0.0,1.409107368570148
2024-03-17,SOL,1,-0.014862564880178617,0.0,0.0,mark,178.55,0.0,1.388319283677236
2024-03-17,SOL,1,0.10796879256341223,0.0,0.0,mark,205.2,0.0,1.546605701504694
2024-03-17,SOL,1,-0.012909623323043221,0.0,0.0,mark,201.86,0.0,1.5267679290640295
2024-03-18,SOL,1,-3.89028892026037e-05,0.0,0.0,mark,201.85,0.0,1.5267085345357638
2024-03-18,SOL,1,-0.0002580275673475105,0.00025799428109779716,0.0,funding,201.85,0.0,1.5263146524649505
2024-03-18,SOL,1,0.031900814840087624,0.0,0.0,mark,210.18,0.0,1.575790294510081
2024-03-18,SOL,1,-0.06372746899583621,0.0,0.0,mark,193.8,0.0,1.478502057211253
2024-03-18,SOL,1,0.008480423934358498,0.0,0.0,mark,195.92,0.0,1.491093697203531
2024-03-19,SOL,1,0.0,0.0,0.0,mark,195.92,0.0,1.491093697203531
2024-03-19,SOL,1,-0.0002826325513921776,0.00028259261457531427,0.1948914583278029,resize,195.92,-0.0014832657469956694,1.4906723251370615
2024-03-19,SOL,1,-0.00019243887388908711,0.0001924203587167529,0.0,funding,195.92,0.0,1.4903854894335296
2024-03-19,SOL,1,0.008218414763655714,0.0,0.0,mark,198.68,0.0,1.5026845657730894
2024-03-19,SOL,1,-0.1019352973642636,0.0,0.0,mark,166.0,0.0,1.3570563720133757
2024-03-19,SOL,1,0.012465771717462893,0.0,0.0,mark,169.82,0.0,1.374079006657259
2024-03-20,SOL,1,0.0,0.0,0.0,mark,169.82,0.0,1.374079006657259
2024-03-20,SOL,1,-0.00018095511426890118,0.00018093874287966263,0.0,funding,169.82,0.0,1.373830382529177
2024-03-20,SOL,1,0.07306778408614889,0.0,0.0,mark,193.19,0.0,1.4779714745782746
2024-03-20,SOL,1,-0.09726365501157193,0.0,0.0,mark,162.45,0.0,1.340988283752889
2024-03-20,SOL,1,0.0929730645381483,0.0,0.0,mark,191.77,0.0,1.4716436889253128
2024-03-21,SOL,1,-3.028079814351454e-05,0.0,0.0,mark,191.76,0.0,1.4715991270545172
2024-03-21,SOL,1,-0.00019079384739093108,0.00019077564740236074,0.0,funding,191.76,0.0,1.4713183817783366
2024-03-21,SOL,1,-0.04941816842718928,0.0,0.0,mark,175.84,0.0,1.4003758834718911
2024-03-21,SOL,1,0.06122076058565208,0.0,0.0,mark,195.68,0.0,1.488786635130175
2024-03-21,SOL,1,-0.049767269167095125,0.0,0.0,mark,179.46,0.0,1.4165072806998642
2024-03-22,SOL,1,0.0,0.0,0.0,mark,179.46,0.0,1.4165072806998642
2024-03-22,SOL,1,-0.00019273598221961123,0.00019271740983340126,0.13290855850579394,resize,179.46,-0.0010490691005838682,1.4162342950857176
2024-03-22,SOL,1,-0.0001418539890466103,0.00014184392824533214,0.0,funding,179.46,0.0,1.416033410849987
2024-03-22,SOL,1,0.005973313170871036,0.0,0.0,mark,181.95,0.0,1.4245171346176142
2024-03-22,SOL,1,-0.03499904229704729,0.0,0.0,mark,167.57,0.0,1.3755227780800725
2024-03-22,SOL,1,0.01874716019176208,0.0,0.0,mark,175.21,0.0,1.4015531594393784
2024-03-23,SOL,1,0.0,0.0,0.0,mark,175.21,0.0,1.4015531594393784
2024-03-23,SOL,1,-0.00013994516448133726,0.00013993537261367895,0.0,funding,175.21,0.0,1.4013570325757745
2024-03-23,SOL,1,0.009172427655096417,0.0,0.0,mark,179.0,0.0,1.4142700097160583
2024-03-23,SOL,1,-0.0209850975914367,0.0,0.0,mark,170.38,0.0,1.384900652737365
2024-03-23,SOL,1,0.005569093827188569,0.0,0.0,mark,172.65,0.0,1.3926348105496196
2024-03-24,SOL,1,0.0,0.0,0.0,mark,172.65,0.0,1.3926348105496196
2024-03-24,SOL,1,-0.0001387834456586208,0.00013877381568178218,0.0,funding,172.65,0.0,1.3924415493031084
2024-03-24,SOL,1,0.033989958060178724,0.0,0.0,mark,186.78,0.0,1.4405841263459083
2024-03-24,SOL,1,-0.0374214514003395,0.0,0.0,mark,171.25,0.0,1.3876715841325549
2024-03-24,SOL,1,0.030539047071058117,0.0,0.0,mark,183.88,0.0,1.4307034842069046
2024-03-25,SOL,1,-2.381456805174169e-05,0.0,0.0,mark,183.87,0.0,1.430669413027115
2024-03-25,SOL,1,-0.00014387356959370923,0.0001438632202880567,0.0,funding,183.87,0.0,1.4304635923181892
2024-03-25,SOL,1,0.025235891819916523,0.0,0.0,mark,194.6,0.0,1.4670219682325023
2024-03-25,SOL,1,-0.03228708522441354,0.0,0.0,mark,180.92,0.0,1.4204125942802373
2024-03-25,SOL,1,0.019172392391518734,0.0,0.0,mark,188.99,0.0,1.4479080363704988
2024-03-26,SOL,1,-2.3531591655002493e-05,0.0,0.0,mark,188.98,0.0,1.447873965190709
2024-03-26,SOL,1,-0.00014611506899254396,0.00014610439470581698,0.0,funding,188.98,0.0,1.4476624244414147
2024-03-26,SOL,1,0.017705624353810158,0.0,0.0,mark,196.57,0.0,1.4735224499017723
2024-03-26,SOL,1,-0.024743856228170873,0.0,0.0,mark,186.0,0.0,1.4375092128640938
2024-03-26,SOL,1,0.010515404951283574,0.0,0.0,mark,190.46,0.0,1.4527049590502854
2024-03-27,SOL,1,0.0,0.0,0.0,mark,190.46,0.0,1.4527049590502854
2024-03-27,SOL,1,-0.00014676970619062197,0.00014675893604413888,0.0,funding,190.46,0.0,1.452491761616109
2024-03-27,SOL,1,0.005333957762789287,0.0,0.0,mark,192.74,0.0,1.4602599906081533
2024-03-27,SOL,1,-0.030176063525041603,0.0,0.0,mark,180.0,0.0,1.416853307556117
2024-03-27,SOL,1,0.015107110183848929,0.0,0.0,mark,186.33,0.0,1.4384203643629765
2024-03-28,SOL,1,2.368624438750443e-05,0.0,0.0,mark,186.34,0.0,1.4384544355427662
2024-03-28,SOL,1,-0.00014501724985688388,0.00014500673536375422,0.0,funding,186.34,0.0,1.4382458499610986
2024-03-28,SOL,1,0.010814743415964867,0.0,0.0,mark,190.93,0.0,1.453884521484556
2024-03-28,SOL,1,-0.0237375384635695,0.0,0.0,mark,180.92,0.0,1.419779270515099
2024-03-28,SOL,1,0.02068639245254957,0.0,0.0,mark,189.63,0.0,1.449455268111899
2024-03-29,SOL,1,2.3505919847055695e-05,0.0,0.0,mark,189.64,0.0,1.4494893392916888
2024-03-29,SOL,1,-0.0001464619857956576,0.00014645126076261145,0.0,funding,189.64,0.0,1.4492770597504876
2024-03-29,SOL,1,0.007868018871205123,0.0,0.0,mark,193.0,0.0,1.4607249761598158
2024-03-29,SOL,1,-0.022670211860591007,0.0,0.0,mark,183.39,0.0,1.4279825723819455
2024-03-29,SOL,1,0.020358382247682365,0.0,0.0,mark,192.01,0.0,1.4573519293606387
2024-03-30,SOL,1,2.3378554512039884e-05,0.0,0.0,mark,192.02,0.0,1.4573860005404284
2024-03-30,SOL,1,-0.0001474966286457134,0.00014748575155276136,0.0,funding,192.02,0.0,1.4571710568708363
2024-03-30,SOL,1,0.018486683691447736,0.0,0.0,mark,200.0,0.0,1.4843598583429907
2024-03-30,SOL,1,-0.021554390888961418,0.0,0.0,mark,190.71,0.0,1.4527077323183897
2024-03-30,SOL,1,0.008151977439415103,0.0,0.0,mark,194.2,0.0,1.4645985740649836
2024-03-31,SOL,1,-2.3263422961548785e-05,0.0,0.0,mark,194.19,0.0,1.464564502885194
2024-03-31,SOL,1,-0.00014843242505359184,0.00014842140950620952,0.0,funding,194.19,0.0,1.464347130157363
2024-03-31,SOL,1,0.02067861401365837,0.0,0.0,mark,203.17,0.0,1.4949430496084841
2024-03-31,SOL,1,-0.021842648584091975,0.0,0.0,mark,193.69,0.0,1.4626435711678796
2024-03-31,SOL,1,0.020200351992101222,0.0,0.0,mark,202.45,0.0,1.492489924663628
2024-04-01,SOL,1,0.0,0.0,0.0,mark,202.45,0.0,1.492489924663628
2024-04-01,SOL,1,-0.00015185095947035191,0.0001518394306969845,0.0,funding,202.45,0.0,1.4922633058431463
2024-04-01,SOL,1,0.004578709983125614,0.0,0.0,mark,204.46,0.0,1.4991116129808695
2024-04-01,SOL,1,-0.04079888438524647,0.0,0.0,mark,186.87,0.0,1.4391804077308445
2024-04-01,SOL,1,0.012632815429321,0.0,0.0,mark,192.24,0.0,1.457476631277896
2024-04-02,SOL,1,0.0,0.0,0.0,mark,192.24,0.0,1.457476631277896
2024-04-02,SOL,1,-2.4230281104915546e-05,2.4229987554049175e-05,0.016710336244171845,resize,192.24,-0.00012669020275008587,1.4574413166372597
2024-04-02,SOL,1,-0.00014216904756076965,0.000142158942020662,0.0,funding,192.24,0.0,1.4572341283216295
2024-04-02,SOL,1,0.0,0.0,0.0,mark,192.24,0.0,1.4572341283216295
2024-04-02,SOL,1,-0.03743034631473419,0.0,0.0,mark,175.92,0.0,1.4036975470137736
2024-04-02,SOL,1,0.013025317520192401,0.0,0.0,mark,181.53,0.0,1.422100746838349
2024-04-03,SOL,1,0.0,0.0,0.0,mark,181.53,0.0,1.422100746838349
2024-04-03,SOL,1,-0.00013758447179562208,0.00013757500748627288,0.0,funding,181.53,0.0,1.4219051013174566
2024-04-03,SOL,1,0.02386785563387142,0.0,0.0,mark,192.0,0.0,1.4562511801344449
2024-04-03,SOL,1,-0.03456038812585878,0.0,0.0,mark,176.92,0.0,1.4067823292690977
2024-04-03,SOL,1,0.018780605172924545,0.0,0.0,mark,185.05,0.0,1.433452207089739
2024-04-04,SOL,1,0.0,0.0,0.0,mark,185.05,0.0,1.433452207089739
2024-04-04,SOL,1,-0.00013914179050343773,0.00013913211073340203,0.0,funding,185.05,0.0,1.4332527678585312
2024-04-04,SOL,1,-0.011579443669450667,0.0,0.0,mark,180.02,0.0,1.4167522161441615
2024-04-04,SOL,1,0.023139468262854825,0.0,0.0,mark,190.13,0.0,1.4499173409617117
2024-04-04,SOL,1,-0.013966156158672227,0.0,0.0,mark,184.0,0.0,1.4298083186935036
2024-04-05,SOL,1,0.0,0.0,0.0,mark,184.0,0.0,1.4298083186935036
2024-04-05,SOL,1,-0.00013870484281096096,0.00013869522373889187,0.0,funding,184.0,0.0,1.4296100111088386
2024-04-05,SOL,1,0.0024522461996196385,0.0,0.0,mark,185.07,0.0,1.4331200688293904
2024-04-05,SOL,1,-0.04023847899241958,0.0,0.0,mark,167.84,0.0,1.3765982982451774
2024-04-05,SOL,1,0.015441131440788312,0.0,0.0,mark,174.37,0.0,1.3980194916238722
2024-04-06,SOL,1,0.0,0.0,0.0,mark,174.37,0.0,1.3980194916238722
2024-04-06,SOL,1,-0.00013443403518246657,0.0001344249993325172,0.0,funding,174.37,0.0,1.3978315628546438
2024-04-06,SOL,1,-0.0019497415307621075,0.0,0.0,mark,173.54,0.0,1.395108807800384
2024-04-06,SOL,1,0.014820874791770269,0.0,0.0,mark,179.89,0.0,1.4159395241793595
2024-04-06,SOL,1,-0.0028072467609482382,0.0,0.0,mark,178.68,0.0,1.4119702065701374
2024-04-07,SOL,1,2.32327116710653e-05,0.0,0.0,mark,178.69,0.0,1.4120030108478996
2024-04-07,SOL,1,-0.00013640043227219675,0.00013639113015624204,0.0,funding,178.69,0.0,1.4118104261614661
2024-04-07,SOL,1,-0.004284517862338963,0.0,0.0,mark,176.85,0.0,1.4057744390532274
2024-04-07,SOL,1,0.013581878737257549,0.0,0.0,mark,182.71,0.0,1.424997745821857
2024-04-07,SOL,1,-0.007370662444176061,0.0,0.0,mark,179.52,0.0,1.4145331812157258
2024-04-08,SOL,1,-2.3191154922193257e-05,0.0,0.0,mark,179.51,0.0,1.4145003769379636
2024-04-08,SOL,1,-0.00013678446728697776,0.0001367751127182204,0.0,funding,179.51,0.0,1.414306908489468
2024-04-08,SOL,1,0.011920276639302155,0.0,0.0,mark,184.68,0.0,1.431266720092508
2024-04-08,SOL,1,-0.021850314694940635,0.0,0.0,mark,175.25,0.0,1.400332286162785
2024-04-08,SOL,1,0.012640130201316156,0.0,0.0,mark,180.68,0.0,1.4181450089876413
2024-04-09,SOL,1,0.0,0.0,0.0,mark,180.68,0.0,1.4181450089876413
2024-04-09,SOL,1,-0.0001373222029345724,0.00013731277467250472,0.0,funding,180.68,0.0,1.4179502795615693
2024-04-09,SOL,1,-0.02713195861667457,0.0,0.0,mark,169.11,0.0,1.3799957301907426
2024-04-09,SOL,1,0.027640799105052193,0.0,0.0,mark,180.9,0.0,1.4186719736723368
2024-04-09,SOL,1,-0.019803295963815068,0.0,0.0,mark,172.42,0.0,1.3908539461300196
2024-04-10,SOL,1,-2.3585988101540763e-05,0.0,0.0,mark,172.41,0.0,1.3908211418522574
2024-04-10,SOL,1,-0.00013361083648542074,0.0001336019109551308,0.0,funding,172.41,0.0,1.390635325489909
2024-04-10,SOL,1,0.007262692797303971,0.0,0.0,mark,175.5,0.0,1.4007718473184185
2024-04-10,SOL,1,-0.03144891590776117,0.0,0.0,mark,162.28,0.0,1.3574045921168345
2024-04-10,SOL,1,0.02630702023557371,0.0,0.0,mark,173.31,0.0,1.3935877104885042
2024-04-11,SOL,1,-2.3539719544476597e-05,0.0,0.0,mark,173.3,0.0,1.393554906210742
2024-04-11,SOL,1,-0.00013403711930536145,0.00013402813673203678,0.0,funding,173.3,0.0,1.3933681306432288
2024-04-11,SOL,1,0.007084874817141656,0.0,0.0,mark,176.32,0.0,1.403275022527403
2024-04-11,SOL,1,-0.014718374091932506,0.0,0.0,mark,170.07,0.0,1.382772348926049
2024-04-11,SOL,1,0.005441585645616068,0.0,0.0,mark,172.37,0.0,1.3903173328113474
2024-04-12,SOL,1,0.0,0.0,0.0,mark,172.37,0.0,1.3903173328113474
2024-04-12,SOL,1,-0.0001336282445543926,0.0001336193166980922,0.0,funding,172.37,0.0,1.3901315595593435
2024-04-12,SOL,1,0.008482785080718234,0.0,0.0,mark,175.98,0.0,1.4019739038314856
2024-04-12,SOL,1,-0.08539279358835944,0.0,0.0,mark,141.0,0.0,1.2872245402194273
2024-04-12,SOL,1,0.030518686790802153,0.0,0.0,mark,153.16,0.0,1.3271145419782218
2024-04-13,SOL,1,0.0,0.0,0.0,mark,153.16,0.0,1.3271145419782218
2024-04-13,SOL,1,-0.00012438999841424514,0.00012438226229911367,0.0,funding,153.16,0.0,1.3269494724691604
2024-04-13,SOL,1,0.004538454979534723,0.0,0.0,mark,155.0,0.0,1.3329854595773991
2024-04-13,SOL,1,-0.1009010887083521,0.0,0.0,mark,116.0,0.0,1.2050487763049498
2024-04-13,SOL,1,0.05937080496249485,0.0,0.0,mark,138.47,0.0,1.278759988436538
2024-04-14,SOL,1,0.0,0.0,0.0,mark,138.47,0.0,1.278759988436538
2024-04-14,SOL,1,-0.00011671145907999811,0.00011670464856266101,0.0,funding,138.47,0.0,1.2786107512014915
2024-04-14,SOL,1,0.03620457504406102,0.0,0.0,mark,152.84,0.0,1.3257504983457247
2024-04-14,SOL,1,-0.05699547852417837,0.0,0.0,mark,130.45,0.0,1.252301720436234
2024-04-14,SOL,1,0.053053433968171734,0.0,0.0,mark,151.25,0.0,1.3205346181815403
2024-04-15,SOL,1,2.484135581208513e-05,0.0,0.0,mark,151.26,0.0,1.3205674224593025
2024-04-15,SOL,1,-0.0001234558933767923,0.00012344827301155045,0.0,funding,151.26,0.0,1.3204044006916045
2024-04-15,SOL,1,-0.04497025561750273,0.0,0.0,mark,133.56,0.0,1.2623408290525697
2024-04-15,SOL,1,0.056824885835180625,0.0,0.0,mark,156.06,0.0,1.3361504540174443
2024-04-15,SOL,1,-0.04404342086297749,0.0,0.0,mark,138.51,0.0,1.278578946544842
2024-04-16,SOL,1,0.0,0.0,0.0,mark,138.51,0.0,1.278578946544842
2024-04-16,SOL,1,-0.0001167617072673159,0.00011675489088442882,0.0,funding,138.51,0.0,1.278429666199451
2024-04-16,SOL,1,0.005272001890313811,0.0,0.0,mark,140.57,0.0,1.2851873474184572
2024-04-16,SOL,1,-0.03683908524016576,0.0,0.0,mark,126.4,0.0,1.2387036858294673
2024-04-16,SOL,1,0.025673651894363714,0.0,0.0,mark,136.22,0.0,1.2709174865919148
2024-04-17,SOL,1,-2.581182608564029e-05,0.0,0.0,mark,136.21,0.0,1.2708846823141526
2024-04-17,SOL,1,-0.00011551793950485583,0.00011551126756469261,0.0,funding,136.21,0.0,1.27073788081357
2024-04-17,SOL,1,0.016792938602531834,0.0,0.0,mark,142.77,0.0,1.2922574870255512
2024-04-17,SOL,1,-0.041199717430467145,0.0,0.0,mark,126.87,0.0,1.2400986853837064
2024-04-17,SOL,1,0.013061446561717014,0.0,0.0,mark,131.84,0.0,1.256402411431503
2024-04-18,SOL,1,0.0,0.0,0.0,mark,131.84,0.0,1.256402411431503
2024-04-18,SOL,1,-0.00011310049202844702,0.00011309409640894667,0.0,funding,131.84,0.0,1.2562603197360562
2024-04-18,SOL,1,0.03189179759760255,0.0,0.0,mark,144.25,0.0,1.2969704284389048
2024-04-18,SOL,1,-0.04297249795287445,0.0,0.0,mark,127.62,0.0,1.2424169145204218
2024-04-18,SOL,1,0.03744336564142042,0.0,0.0,mark,142.07,0.0,1.2898190958867524
2024-04-19,SOL,1,2.5432915913891277e-05,0.0,0.0,mark,142.08,0.0,1.2898519001645146
2024-04-19,SOL,1,-0.00011872450923803795,0.00011871746176238118,0.0,funding,142.08,0.0,1.2896987722208777
2024-04-19,SOL,1,0.013666847895298154,0.0,0.0,mark,147.49,0.0,1.3074458864902097
2024-04-19,SOL,1,-0.04881907233767932,0.0,0.0,mark,128.5,0.0,1.2451505630198554
2024-04-19,SOL,1,0.036219949930945766,0.0,0.0,mark,142.5,0.0,1.2910765518868885
2024-04-20,SOL,1,0.0,0.0,0.0,mark,142.5,0.0,1.2910765518868885
2024-04-20,SOL,1,-0.00011896253353801064,0.00011895545777640348,0.0,funding,142.5,0.0,1.2909229712846344
2024-04-20,SOL,1,-0.00724303104285702,0.0,0.0,mark,139.66,0.0,1.281606556400179
2024-04-20,SOL,1,0.032064381517391494,0.0,0.0,mark,152.39,0.0,1.3233664019914169
2024-04-20,SOL,1,-0.0029044692482665816,0.0,0.0,mark,151.22,0.0,1.3195283014932435
2024-04-21,SOL,1,-2.4860918480467395e-05,0.0,0.0,mark,151.21,0.0,1.3194954972154813
2024-04-21,SOL,1,-0.0001235153472183114,0.00012350771951189643,0.0,funding,151.21,0.0,1.319332529335714
2024-04-21,SOL,1,-0.011327441103497133,0.0,0.0,mark,146.68,0.0,1.3044721915094526
2024-04-21,SOL,1,0.0170052163332,0.0,0.0,mark,153.5,0.0,1.32684470894325
2024-04-21,SOL,1,-0.011688097007916466,0.0,0.0,mark,148.8,0.0,1.3114266983950318
2024-04-22,SOL,1,2.5013878032977257e-05,0.0,0.0,mark,148.81,0.0,1.311459502672794
2024-04-22,SOL,1,-0.00012229967166998816,0.00012229219336997878,0.0,funding,148.81,0.0,1.3112991214136962
2024-04-22,SOL,1,-0.005468549444291497,0.0,0.0,mark,146.63,0.0,1.3041477888615438
2024-04-22,SOL,1,0.029420506515657082,0.0,0.0,mark,158.5,0.0,1.3430864665652353
2024-04-22,SOL,1,-0.003792988993216289,0.0,0.0,mark,156.95,0.0,1.3380018035120995
2024-04-23,SOL,1,-2.4517664938738188e-05,0.0,0.0,mark,156.94,0.0,1.3379689992343373
2024-04-23,SOL,1,-0.00012642604500237237,0.00012641805356673156,0.0,funding,156.94,0.0,1.3377998557977215
2024-04-23,SOL,1,0.007475435193925244,0.0,0.0,mark,160.0,0.0,1.3478379647929446
2024-04-23,SOL,1,-0.017084671889158663,0.0,0.0,mark,153.04,0.0,1.3250061874704766
2024-04-23,SOL,1,0.004224652482965257,0.0,0.0,mark,154.75,0.0,1.3306157189678072
2024-04-24,SOL,1,0.0,0.0,0.0,mark,154.75,0.0,1.3306157189678072
2024-04-24,SOL,1,-0.00012535069012557418,0.00012534283405599112,0.0,funding,154.75,0.0,1.3304489358225522
2024-04-24,SOL,1,0.012374673551846162,0.0,0.0,mark,159.8,0.0,1.3470150960924463
2024-04-24,SOL,1,-0.035244254551766864,0.0,0.0,mark,145.58,0.0,1.3003674131146457
2024-04-24,SOL,1,0.005534580524263258,0.0,0.0,mark,147.78,0.0,1.3075843542223222
2024-04-25,SOL,1,2.5087380535837107e-05,0.0,0.0,mark,147.79,0.0,1.3076171585000844
2024-04-25,SOL,1,-0.00012181826018364358,0.00012181084064077894,0.0,funding,147.79,0.0,1.3074578765547713
2024-04-25,SOL,1,0.004531031455465656,0.0,0.0,mark,149.6,0.0,1.3133954508297234
2024-04-25,SOL,1,-0.018935651233013176,0.0,0.0,mark,142.09,0.0,1.2887594382303365
2024-04-25,SOL,1,0.006975506104204829,0.0,0.0,mark,144.84,0.0,1.2977806146149322
2024-04-26,SOL,1,-2.5277533043854236e-05,0.0,0.0,mark,144.83,0.0,1.29774781033717
2024-04-26,SOL,1,-0.000120286211704552,0.00012027897760830108,0.0,funding,144.83,0.0,1.2975917185573493
2024-04-26,SOL,1,0.0034323043848836503,0.0,0.0,mark,146.19,0.0,1.302053100333004
2024-04-26,SOL,1,-0.018948118498139096,0.0,0.0,mark,138.74,0.0,1.27761391340019
2024-04-26,SOL,1,0.0012573432962906575,0.0,0.0,mark,139.23,0.0,1.279221323010536
2024-04-27,SOL,1,0.0,0.0,0.0,mark,139.23,0.0,1.279221323010536
2024-04-27,SOL,1,-0.00011730974976735708,0.00011730286924758978,0.0,funding,139.23,0.0,1.279071266678944
2024-04-27,SOL,1,0.009724055977479919,0.0,0.0,mark,143.04,0.0,1.2915696965063295
2024-04-27,SOL,1,-0.026143941193134842,0.0,0.0,mark,132.88,0.0,1.2582405502999683
2024-04-27,SOL,1,0.02174027257386935,0.0,0.0,mark,141.31,0.0,1.2858945564534747
2024-04-28,SOL,1,0.0,0.0,0.0,mark,141.31,0.0,1.2858945564534747
2024-04-28,SOL,1,-0.00011844446214546553,0.00011843744787712503,0.0,funding,141.31,0.0,1.2857422583839693
2024-04-28,SOL,1,0.008915511445188632,0.0,0.0,mark,144.82,0.0,1.2972565598784898
2024-04-28,SOL,1,-0.019895513643050953,0.0,0.0,mark,137.03,0.0,1.271702027501762
2024-04-28,SOL,1,0.002473313488476813,0.0,0.0,mark,137.99,0.0,1.2748512381669301
2024-04-29,SOL,1,0.0,0.0,0.0,mark,137.99,0.0,1.2748512381669301
2024-04-29,SOL,1,-0.00011666348333041607,0.00011665667841089441,0.0,funding,137.99,0.0,1.2747025182560177
2024-04-29,SOL,1,0.0024161546211076425,0.0,0.0,mark,138.93,0.0,1.2777861203656613
2024-04-29,SOL,1,-0.014350856421020757,0.0,0.0,mark,133.38,0.0,1.2595797462076588
2024-04-29,SOL,1,0.011368374772894796,0.0,0.0,mark,137.77,0.0,1.27398082414525
2024-04-30,SOL,1,5.149753038340648e-05,0.0,0.0,mark,137.79,0.0,1.2740464327007741
2024-04-30,SOL,1,-0.00011656797662369597,0.00011656118284111734,0.0,funding,137.79,0.0,1.273897928341584
2024-04-30,SOL,1,0.005085764099093182,0.0,0.0,mark,139.77,0.0,1.2803931753384932
2024-04-30,SOL,1,-0.04871934291336544,0.0,0.0,mark,121.21,0.0,1.2195084358119122
2024-04-30,SOL,1,0.014845431681409713,0.0,0.0,mark,126.77,0.0,1.2377476142476767
2024-05-01,SOL,1,-2.6503555411071664e-05,0.0,0.0,mark,126.76,0.0,1.2377148099699145
2024-05-01,SOL,1,-0.00011038425079789838,0.00011037815868071956,0.0,funding,126.76,0.0,1.2375781932882182
2024-05-01,SOL,1,0.024119563207882416,0.0,0.0,mark,135.97,0.0,1.2677909331071735
2024-05-01,SOL,1,-0.04633875539453866,0.0,0.0,mark,118.47,0.0,1.210383447023382
2024-05-01,SOL,1,0.04289142551888588,0.0,0.0,mark,134.64,0.0,1.2634279641648052
2024-05-02,SOL,1,0.0,0.0,0.0,mark,134.64,0.0,1.2634279641648052
2024-05-02,SOL,1,-0.00011486033038271277,0.00011485373418757511,0.0,funding,134.64,0.0,1.263282854745244
2024-05-02,SOL,1,-0.016890878508992183,0.0,0.0,mark,128.19,0.0,1.2421240955886466
2024-05-02,SOL,1,0.03301581530979552,0.0,0.0,mark,140.9,0.0,1.2838183326243602
2024-05-02,SOL,1,-0.008519491262038829,0.0,0.0,mark,137.58,0.0,1.2729273124073208
2024-05-03,SOL,1,0.0,0.0,0.0,mark,137.58,0.0,1.2729273124073208
2024-05-03,SOL,1,-0.00011649264278778545,0.00011648585778327316,0.0,funding,137.58,0.0,1.2727790343774392
2024-05-03,SOL,1,-0.004391163107687595,0.0,0.0,mark,135.88,0.0,1.2672023071578709
2024-05-03,SOL,1,0.023334711854539864,0.0,0.0,mark,145.0,0.0,1.2971198084769666
2024-05-03,SOL,1,-0.0033185020396917474,0.0,0.0,mark,143.69,0.0,1.2928224480901227
2024-05-04,SOL,1,2.5373833527686162e-05,0.0,0.0,mark,143.7,0.0,1.292855252367885
2024-05-04,SOL,1,-0.00011979932740793512,0.00011979215175496452,0.0,funding,143.7,0.0,1.292700378455296
2024-05-04,SOL,1,0.013710425137420571,0.0,0.0,mark,149.14,0.0,1.3105459055579145
2024-05-04,SOL,1,-0.017473225224562787,0.0,0.0,mark,142.22,0.0,1.2878453453464953
2024-05-04,SOL,1,0.009708578470630952,0.0,0.0,mark,146.05,0.0,1.300409383729405
2024-05-05,SOL,1,0.0,0.0,0.0,mark,146.05,0.0,1.300409383729405
2024-05-05,SOL,1,-0.00012105124326586374,0.00012104391685975217,0.0,funding,146.05,0.0,1.3002519770840772
2024-05-05,SOL,1,0.004907625968059678,0.0,0.0,mark,148.0,0.0,1.3066488112476997
2024-05-05,SOL,1,-0.01237806540278869,0.0,0.0,mark,143.1,0.0,1.2905747151442382
2024-05-05,SOL,1,0.006662779935689312,0.0,0.0,mark,145.73,0.0,1.299202240195688
2024-05-06,SOL,1,2.524923572904286e-05,0.0,0.0,mark,145.74,0.0,1.2992350444734502
2024-05-06,SOL,1,-0.00012090347803179411,0.0001208961695007431,0.0,funding,145.74,0.0,1.299077971933292
2024-05-06,SOL,1,0.027766854328839782,0.0,0.0,mark,156.89,0.0,1.3356547416381077
2024-05-06,SOL,1,-0.028625790082992843,0.0,0.0,mark,145.4,0.0,1.2979626264893784
2024-05-06,SOL,1,0.018579391584130665,0.0,0.0,mark,152.82,0.0,1.3223034005889058
2024-05-07,SOL,1,-2.480874258184355e-05,0.0,0.0,mark,152.81,0.0,1.3222705963111436
2024-05-07,SOL,1,-0.00012456039731065333,0.00012455263998643833,0.0,funding,152.81,0.0,1.3221059040175966
2024-05-07,SOL,1,0.015706155841088334,0.0,0.0,mark,159.19,0.0,1.3430350332298588
2024-05-07,SOL,1,-0.028315450992578414,0.0,0.0,mark,147.76,0.0,1.3055397437477025
2024-05-07,SOL,1,0.0006781985705720791,0.0,0.0,mark,148.03,0.0,1.306425459247281
2024-05-08,SOL,1,0.0,0.0,0.0,mark,148.03,0.0,1.306425459247281
2024-05-08,SOL,1,-0.00012212740389382518,0.00012211994664592513,0.0,funding,148.03,0.0,1.3062659186399008
2024-05-08,SOL,1,-0.020371856692613512,0.0,0.0,mark,140.0,0.0,1.279924083596881
2024-05-08,SOL,1,0.030292353050690588,0.0,0.0,mark,152.0,0.0,1.3192892169114807
2024-05-08,SOL,1,-0.02472059422982321,0.0,0.0,mark,142.18,0.0,1.2870754161490332
2024-05-09,SOL,1,-2.5487780596620022e-05,0.0,0.0,mark,142.17,0.0,1.287042611871271
2024-05-09,SOL,1,-0.00011905904442263492,0.00011905195717587375,0.0,funding,142.17,0.0,1.286889386929359
2024-05-09,SOL,1,-0.003984545637494197,0.0,0.0,mark,140.61,0.0,1.2817719195984612
2024-05-09,SOL,1,0.03218422982771497,0.0,0.0,mark,153.39,0.0,1.3236957865785097
2024-05-09,SOL,1,-0.0020342194229623148,0.0,0.0,mark,152.57,0.0,1.321005835802012
2024-05-10,SOL,1,-2.483311139958467e-05,0.0,0.0,mark,152.56,0.0,1.3209730315242498
2024-05-10,SOL,1,-0.00012447876206307348,0.00012447101490345547,0.0,funding,152.56,0.0,1.3208086086703559
2024-05-10,SOL,1,-0.020246651664568606,0.0,0.0,mark,144.49,0.0,1.2943355565162875
2024-05-10,SOL,1,0.028138277772366885,0.0,0.0,mark,155.75,0.0,1.3312731732764869
2024-05-10,SOL,1,-0.02429331626477374,0.0,0.0,mark,146.01,0.0,1.2993218067361367
2024-05-11,SOL,1,2.5246912266553296e-05,0.0,0.0,mark,146.02,0.0,1.299354611013899
2024-05-11,SOL,1,-0.00012112462785771425,0.00012111729256620229,0.0,funding,146.02,0.0,1.2991972367013296
2024-05-11,SOL,1,0.004232969820308574,0.0,0.0,mark,147.7,0.0,1.3047083553653736
2024-05-11,SOL,1,-0.011582309179713802,0.0,0.0,mark,143.12,0.0,1.2896839961503013
2024-05-11,SOL,1,0.005833211514085445,0.0,0.0,mark,145.42,0.0,1.2972289800355996
2024-05-12,SOL,1,0.0,0.0,0.0,mark,145.42,0.0,1.2972289800355996
2024-05-12,SOL,1,-0.00012082456395914836,0.00012081726496560976,0.0,funding,145.42,0.0,1.2970722523781977
2024-05-12,SOL,1,0.006001218908426604,0.0,0.0,mark,147.8,0.0,1.3048796704855934
2024-05-12,SOL,1,-0.013413600128804812,0.0,0.0,mark,142.5,0.0,1.2874934032716452
2024-05-12,SOL,1,0.0023667608655555507,0.0,0.0,mark,143.43,0.0,1.2905442011035266
2024-05-13,SOL,1,-2.5419272479295117e-05,0.0,0.0,mark,143.42,0.0,1.2905113968257644
2024-05-13,SOL,1,-0.00011978305523228915,0.00011977588152852185,0.0,funding,143.42,0.0,1.290356824685587
2024-05-13,SOL,1,0.018787690722138383,0.0,0.0,mark,150.88,0.0,1.3148288158961632
2024-05-13,SOL,1,-0.03322984771318727,0.0,0.0,mark,137.78,0.0,1.2718552120277251
2024-05-13,SOL,1,0.024861811274154242,0.0,0.0,mark,147.54,0.0,1.3038721871235996
2024-05-14,SOL,1,-2.5159437218193105e-05,0.0,0.0,mark,147.53,0.0,1.3038393828458374
2024-05-14,SOL,1,-0.00012195629768063487,0.00012194886131369561,0.0,funding,147.53,0.0,1.3036803811177635
2024-05-14,SOL,1,0.003917715997349338,0.0,0.0,mark,149.09,0.0,1.3087978484486615
2024-05-14,SOL,1,-0.018389906311419693,0.0,0.0,mark,141.82,0.0,1.2849491385155665
2024-05-14,SOL,1,0.0005359785953786662,0.0,0.0,mark,142.03,0.0,1.285638028348572
2024-05-15,SOL,1,0.0,0.0,0.0,mark,142.03,0.0,1.285638028348572
2024-05-15,SOL,1,-0.00011907174952002204,0.00011906466076063937,0.0,funding,142.03,0.0,1.2854849542928657
2024-05-15,SOL,1,0.04210069494438691,0.0,0.0,mark,158.88,0.0,1.3407601623221161
2024-05-15,SOL,1,-0.044195444585630815,0.0,0.0,mark,141.21,0.0,1.282795003516368
2024-05-15,SOL,1,0.04331424716056585,0.0,0.0,mark,158.52,0.0,1.3395792083226783
2024-05-16,SOL,1,0.0,0.0,0.0,mark,158.52,0.0,1.3395792083226783
2024-05-16,SOL,1,-0.00012754541853471016,0.0001275372849636884,0.0,funding,158.52,0.0,1.339408362027455
2024-05-16,SOL,1,0.01523953061787837,0.0,0.0,mark,164.79,0.0,1.3599766441843333
2024-05-16,SOL,1,-0.020297574259829476,0.0,0.0,mark,156.46,0.0,1.3326506808084486
2024-05-16,SOL,1,0.007137667243162603,0.0,0.0,mark,159.37,0.0,1.3421967256372391
2024-05-17,SOL,1,-2.444103611825903e-05,0.0,0.0,mark,159.36,0.0,1.342163921359477
2024-05-17,SOL,1,-0.00012797438514179082,0.00012796619676950808,0.0,funding,159.36,0.0,1.3419921697470194
2024-05-17,SOL,1,0.03516122846670713,0.0,0.0,mark,174.0,0.0,1.390017632390831
2024-05-17,SOL,1,-0.03525901109874394,0.0,0.0,mark,159.32,0.0,1.3418609526359706
2024-05-17,SOL,1,0.024439132142289596,0.0,0.0,mark,169.44,0.0,1.3750588817312832
2024-05-18,SOL,1,-2.3856919513797525e-05,0.0,0.0,mark,169.43,0.0,1.375026077453521
2024-05-18,SOL,1,-0.0001328096759603338,0.00013280085714574325,0.0,funding,169.43,0.0,1.3748434728118375
2024-05-18,SOL,1,0.015695604174306106,0.0,0.0,mark,176.06,0.0,1.3965927089681538
2024-05-18,SOL,1,-0.017558447265684715,0.0,0.0,mark,168.65,0.0,1.3722847391463884
2024-05-18,SOL,1,0.008924382344435097,0.0,0.0,mark,172.4,0.0,1.3845863433072008
2024-05-19,SOL,1,0.0,0.0,0.0,mark,172.4,0.0,1.3845863433072008
2024-05-19,SOL,1,-0.00013420474204046783,0.00013419573698692083,0.0,funding,172.4,0.0,1.3844005377224387
2024-05-19,SOL,1,0.007318805190445641,0.0,0.0,mark,175.5,0.0,1.3945698638287103
2024-05-19,SOL,1,-0.022696439195628585,0.0,0.0,mark,165.96,0.0,1.3632745828436035
2024-05-19,SOL,1,0.009507612261292807,0.0,0.0,mark,169.93,0.0,1.3762978811151836
2024-05-20,SOL,1,0.0,0.0,0.0,mark,169.93,0.0,1.3762978811151836
2024-05-20,SOL,1,-0.00013307853627406543,0.00013306968171841862,0.0,funding,169.93,0.0,1.3761147375941938
2024-05-20,SOL,1,0.04290496562345316,0.0,0.0,mark,188.32,0.0,1.4364418043988179
2024-05-20,SOL,1,-0.04878645700967724,0.0,0.0,mark,167.47,0.0,1.3680448852647007
2024-05-20,SOL,1,0.04507997357635511,0.0,0.0,mark,186.7,0.0,1.4311275114013469
2024-05-21,SOL,1,-2.2922243808503566e-05,0.0,0.0,mark,186.69,0.0,1.4310947071235847
2024-05-21,SOL,1,-0.00014060627862603665,0.0001405963940265352,0.0,funding,186.69,0.0,1.4308935003682526
2024-05-21,SOL,1,0.005030983906730585,0.0,0.0,mark,188.89,0.0,1.4381104414759291
2024-05-21,SOL,1,-0.03368203236857204,0.0,0.0,mark,174.37,0.0,1.3904786301652634
2024-05-21,SOL,1,0.008878276005727694,0.0,0.0,mark,178.15,0.0,1.4028786471593624
2024-05-22,SOL,1,0.0,0.0,0.0,mark,178.15,0.0,1.4028786471593624
2024-05-22,SOL,1,-0.00013687273481473227,0.00013686336816922382,0.0,funding,178.15,0.0,1.4026866444625794
2024-05-22,SOL,1,0.015892956973796904,0.0,0.0,mark,185.0,0.0,1.4251575747296634
2024-05-22,SOL,1,-0.02338129705107811,0.0,0.0,mark,174.96,0.0,1.3922220798564482
2024-05-22,SOL,1,0.004677985078968855,0.0,0.0,mark,176.95,0.0,1.3987501311311192
2024-05-23,SOL,1,2.3452289559058343e-05,0.0,0.0,mark,176.96,0.0,1.3987829354088814
2024-05-23,SOL,1,-0.00013635651570382477,0.00013634721957665036,0.0,funding,176.96,0.0,1.3985922152448471
2024-05-23,SOL,1,0.009524226959600202,0.0,0.0,mark,181.04,0.0,1.411976360571811
2024-05-23,SOL,1,-0.03713337790147409,0.0,0.0,mark,165.35,0.0,1.3605064487629717
2024-05-23,SOL,1,0.025730971257385916,0.0,0.0,mark,176.16,0.0,1.3959678730238736
2024-05-24,SOL,1,-2.3499583221808193e-05,0.0,0.0,mark,176.15,0.0,1.3959350687461114
2024-05-24,SOL,1,-0.0001360092561528517,0.00013600000731325173,0.0,funding,176.15,0.0,1.3957452215665531
2024-05-24,SOL,1,0.0,0.0,0.0,mark,176.15,0.0,1.3957452215665531
2024-05-24,SOL,1,-0.03260756624173684,0.0,0.0,mark,162.5,0.0,1.3509673824211959
2024-05-24,SOL,1,0.012547622087232771,0.0,0.0,mark,167.7,0.0,1.3680256068575223
2024-05-25,SOL,1,0.0,0.0,0.0,mark,167.7,0.0,1.3680256068575223
2024-05-25,SOL,1,-0.00013212622548597125,0.00013211749720055155,0.0,funding,167.7,0.0,1.367844866738238
2024-05-25,SOL,1,0.006811746917788224,0.0,0.0,mark,170.55,0.0,1.3771940859004554
2024-05-25,SOL,1,-0.011137933255249047,0.0,0.0,mark,165.9,0.0,1.361940096741048
2024-05-25,SOL,1,0.005883832142543809,0.0,0.0,mark,168.35,0.0,1.3699771447927787
2024-05-26,SOL,1,0.0,0.0,0.0,mark,168.35,0.0,1.3699771447927787
2024-05-26,SOL,1,-0.00013244942019106383,0.000132440649153842,0.0,funding,168.35,0.0,1.3697957041303963
2024-05-26,SOL,1,0.0001197343290074399,0.0,0.0,mark,168.4,0.0,1.369959725519207
2024-05-26,SOL,1,-0.017878491878096796,0.0,0.0,mark,161.0,0.0,1.3456845599752039
2024-05-26,SOL,1,0.005857760836377504,0.0,0.0,mark,163.41,0.0,1.353590390915886
2024-05-27,SOL,1,2.4234717151258526e-05,0.0,0.0,mark,163.42,0.0,1.3536231951936482
2024-05-27,SOL,1,-0.00013012393145064177,0.00013011546569900555,0.0,funding,163.42,0.0,1.3534470678812245
2024-05-27,SOL,1,0.021247165192312838,0.0,0.0,mark,172.28,0.0,1.382511657978504
2024-05-27,SOL,1,-0.02163504164148297,0.0,0.0,mark,163.26,0.0,1.3529221994370297
2024-05-27,SOL,1,0.016568156292523804,0.0,0.0,mark,170.15,0.0,1.3755243468151626
2024-05-28,SOL,1,0.0,0.0,0.0,mark,170.15,0.0,1.3755243468151626
2024-05-28,SOL,1,-0.00013332577737574285,0.00013331688988932265,0.0,funding,170.15,0.0,1.3753409661872782
2024-05-28,SOL,1,0.007343161127824584,0.0,0.0,mark,173.24,0.0,1.3854774880157876
2024-05-28,SOL,1,-0.019896081409186445,0.0,0.0,mark,164.92,0.0,1.358184328917665
2024-05-28,SOL,1,0.009040553074576844,0.0,0.0,mark,168.68,0.0,1.3705187373562395
2024-05-29,SOL,1,0.0,0.0,0.0,mark,168.68,0.0,1.3705187373562395
2024-05-29,SOL,1,-0.00013265661845995457,0.00013264781995978673,0.0,funding,168.68,0.0,1.370336941033515
2024-05-29,SOL,1,0.012489570962686278,0.0,0.0,mark,173.93,0.0,1.3875591868586525
2024-05-29,SOL,1,-0.016519405088802584,0.0,0.0,mark,167.0,0.0,1.3648258223694711
2024-05-29,SOL,1,0.0031676642986327927,0.0,0.0,mark,168.32,0.0,1.369155987034077
2024-05-30,SOL,1,0.0,0.0,0.0,mark,168.32,0.0,1.369155987034077
2024-05-30,SOL,1,-0.0001325052443877508,0.00013249646595556118,0.0,funding,168.32,0.0,1.3689745787044532
2024-05-30,SOL,1,0.01115211013063991,0.0,0.0,mark,173.0,0.0,1.384326980697147
2024-05-30,SOL,1,-0.022648127544988798,0.0,0.0,mark,163.55,0.0,1.3533269382118998
2024-05-30,SOL,1,0.008039426675536315,0.0,0.0,mark,166.88,0.0,1.364250762706701
2024-05-31,SOL,1,0.0,0.0,0.0,mark,166.88,0.0,1.364250762706701
2024-05-31,SOL,1,-0.00013184395338911465,0.0001318352623570092,0.0,funding,166.88,0.0,1.364070906349479
2024-05-31,SOL,1,0.009716457549300941,0.0,0.0,mark,170.94,0.0,1.3773894431209186
2024-05-31,SOL,1,-0.017466075418842143,0.0,0.0,mark,163.67,0.0,1.3535407331878235
2024-05-31,SOL,1,0.004787231088406908,0.0,0.0,mark,165.65,0.0,1.3600359801847326
2024-06-01,SOL,1,0.0,0.0,0.0,mark,165.65,0.0,1.3600359801847326
2024-06-01,SOL,1,-0.00013127772760425295,0.0001312691110604277,0.0,funding,165.65,0.0,1.3598574494706035
2024-06-01,SOL,1,0.005533028356823503,0.0,0.0,mark,167.95,0.0,1.3674024333559018
2024-06-01,SOL,1,-0.005557151968791364,0.0,0.0,mark,165.64,0.0,1.3598246451928413
2024-06-01,SOL,1,0.0012054682782967389,0.0,0.0,mark,166.14,0.0,1.3614648590809497
2024-06-02,SOL,1,0.0,0.0,0.0,mark,166.14,0.0,1.3614648590809497
2024-06-02,SOL,1,-0.0001315278837542893,0.0001315192343414223,0.0,funding,166.14,0.0,1.3612858002651007
2024-06-02,SOL,1,0.0023107370743930006,0.0,0.0,mark,167.1,0.0,1.3644350109302688
2024-06-02,SOL,1,-0.013993961367649533,0.0,0.0,mark,161.32,0.0,1.3454741383837365
2024-06-02,SOL,1,0.004451835960033614,0.0,0.0,mark,163.15,0.0,1.351477321214213
2024-06-03,SOL,1,-2.4273197471548007e-05,0.0,0.0,mark,163.14,0.0,1.3514445169364508
2024-06-03,SOL,1,-0.00013011039404259265,0.00013010193005238903,0.0,funding,163.14,0.0,1.3512686913964387
2024-06-03,SOL,1,0.00983210283121827,0.0,0.0,mark,167.21,0.0,1.3646200324456406
2024-06-03,SOL,1,-0.013114832916958495,0.0,0.0,mark,161.79,0.0,1.3468401138985462
2024-06-03,SOL,1,0.007522144893139847,0.0,0.0,mark,164.89,0.0,1.3570094400048178
2024-06-04,SOL,1,2.41736573800105e-05,0.0,0.0,mark,164.9,0.0,1.35704224428258
2024-06-04,SOL,1,-0.00013097162926838934,0.00013096305285895563,0.0,funding,164.9,0.0,1.3568645218874102
2024-06-04,SOL,1,0.016710638696901776,0.0,0.0,mark,171.87,0.0,1.3797291034876402
2024-06-04,SOL,1,-0.018138072350222544,0.0,0.0,mark,164.31,0.0,1.3549290694994423
2024-06-04,SOL,1,0.017924066505435696,0.0,0.0,mark,171.78,0.0,1.3794338649877806
2024-06-05,SOL,1,0.0,0.0,0.0,mark,171.78,0.0,1.3794338649877806
2024-06-05,SOL,1,-0.00013422158474997575,0.0001342125774359931,0.0,funding,171.78,0.0,1.379248727613358
2024-06-05,SOL,1,0.009044525289911873,0.0,0.0,mark,175.6,0.0,1.3917799617185056
2024-06-05,SOL,1,-0.013287093438155777,0.0,0.0,mark,170.0,0.0,1.3734095661716923
2024-06-05,SOL,1,0.008419844012097666,0.0,0.0,mark,173.54,0.0,1.3850222804994992
2024-06-06,SOL,1,2.3684737599639043e-05,0.0,0.0,mark,173.55,0.0,1.3850550847772614
2024-06-06,SOL,1,-0.00013505429504022452,0.00013504517561940227,0.0,funding,173.55,0.0,1.384868039770095
2024-06-06,SOL,1,0.0020114264866290996,0.0,0.0,mark,174.4,0.0,1.387656403379879
2024-06-06,SOL,1,-0.01642210760872445,0.0,0.0,mark,167.51,0.0,1.3650542560017462
2024-06-06,SOL,1,0.006324271010873342,0.0,0.0,mark,170.15,0.0,1.3737145853309582
2024-06-07,SOL,1,0.0,0.0,0.0,mark,170.15,0.0,1.3737145853309582
2024-06-07,SOL,1,-0.00013350143538078967,0.00013349252446079188,0.0,funding,170.15,0.0,1.3735312047030739
2024-06-07,SOL,1,0.006427753266361826,0.0,0.0,mark,172.85,0.0,1.3823883596988589
2024-06-07,SOL,1,-0.04844911259992567,0.0,0.0,mark,152.92,0.0,1.317009434118861
2024-06-07,SOL,1,0.023581765985595176,0.0,0.0,mark,162.5,0.0,1.3484359322150166
2024-06-08,SOL,1,2.432735435134898e-05,0.0,0.0,mark,162.51,0.0,1.3484687364927788
2024-06-08,SOL,1,-0.00012989394772832988,0.000129885511874701,0.0,funding,162.51,0.0,1.3482935899406923
2024-06-08,SOL,1,0.003085173714031381,0.0,0.0,mark,163.78,0.0,1.3524597332164874
2024-06-08,SOL,1,-0.01566976085268853,0.0,0.0,mark,157.37,0.0,1.3314321911709386
2024-06-08,SOL,1,0.0011327218251241283,0.0,0.0,mark,157.83,0.0,1.3329411879479982
2024-06-09,SOL,1,0.0,0.0,0.0,mark,157.83,0.0,1.3329411879479982
2024-06-09,SOL,1,-0.0001276226573426412,0.00012761451391764196,0.0,funding,157.83,0.0,1.3327710853062174
2024-06-09,SOL,1,0.012742151974293821,0.0,0.0,mark,163.04,0.0,1.349862114020306
2024-06-09,SOL,1,-0.01597174145478224,0.0,0.0,mark,156.52,0.0,1.3284737249193734
2024-06-09,SOL,1,0.013733459230702495,0.0,0.0,mark,162.12,0.0,1.3468441204661867
2024-06-10,SOL,1,0.0,0.0,0.0,mark,162.12,0.0,1.3468441204661867
2024-06-10,SOL,1,-0.00012973851849533427,0.0001297301028177758,0.0,funding,162.12,0.0,1.3466693942399592
2024-06-10,SOL,1,0.0025787857352906085,0.0,0.0,mark,163.18,0.0,1.3501466476827488
2024-06-10,SOL,1,-0.013995262711837255,0.0,0.0,mark,157.46,0.0,1.3313826008027896
2024-06-10,SOL,1,0.00390998785175517,0.0,0.0,mark,159.05,0.0,1.336598480966974
2024-06-11,SOL,1,-2.4543406861070217e-05,0.0,0.0,mark,159.04,0.0,1.3365656766892118
2024-06-11,SOL,1,-0.0001282523744147424,0.00012824415043058088,0.0,funding,159.04,0.0,1.3363942699595102
2024-06-11,SOL,1,0.0017413098187806487,0.0,0.0,mark,159.75,0.0,1.338723373680624
2024-06-11,SOL,1,-0.03630464811415639,0.0,0.0,mark,145.2,0.0,1.2909931495366718
2024-06-11,SOL,1,0.01038939796762042,0.0,0.0,mark,149.31,0.0,1.3044757076969222
2024-06-12,SOL,1,0.0,0.0,0.0,mark,149.31,0.0,1.3044757076969222
2024-06-12,SOL,1,-0.00012336762104934911,0.00012336001157738682,0.0,funding,149.31,0.0,1.3043147875585184
2024-06-12,SOL,1,-0.009780953707218189,0.0,0.0,mark,145.44,0.0,1.29161953206456
2024-06-12,SOL,1,0.04080827028101264,0.0,0.0,mark,161.84,0.0,1.345418547594513
2024-06-12,SOL,1,-0.01627270837628293,0.0,0.0,mark,155.22,0.0,1.3237021157159587
2024-06-13,SOL,1,-2.4782527625220798e-05,0.0,0.0,mark,155.21,0.0,1.3236693114381965
2024-06-13,SOL,1,-0.00012638314087284907,0.00012637515486007997,0.0,funding,155.21,0.0,1.32350203252398
2024-06-13,SOL,1,0.0,0.0,0.0,mark,155.21,0.0,1.32350203252398
2024-06-13,SOL,1,-0.023016373954677156,0.0,0.0,mark,146.03,0.0,1.293387705538311
2024-06-13,SOL,1,0.003190650774134245,0.0,0.0,mark,147.29,0.0,1.2975210445363439
2024-06-14,SOL,1,0.0,0.0,0.0,mark,147.29,0.0,1.2975210445363439
2024-06-14,SOL,1,-0.00012235083049058417,0.00012234334593299218,0.0,funding,147.29,0.0,1.2973623014703368
2024-06-14,SOL,1,-0.019455483710859298,0.0,0.0,mark,139.67,0.0,1.2723654418155659
2024-06-14,SOL,1,0.023769960165777523,0.0,0.0,mark,149.0,0.0,1.3029718329676672
2024-06-14,SOL,1,-0.01509335464876418,0.0,0.0,mark,143.05,0.0,1.2834532876991782
2024-06-15,SOL,1,-2.555971246660757e-05,0.0,0.0,mark,143.04,0.0,1.283420483421416
2024-06-15,SOL,1,-0.00012012575265110082,0.00012011853784175,0.0,funding,143.04,0.0,1.2832663208295112
2024-06-15,SOL,1,0.006979875955626184,0.0,0.0,mark,145.78,0.0,1.2922546929363448
2024-06-15,SOL,1,-0.007286680331942674,0.0,0.0,mark,142.92,0.0,1.282872669496365
2024-06-15,SOL,1,0.0066264445295692335,0.0,0.0,mark,145.52,0.0,1.2914017817145285
2024-06-16,SOL,1,0.0,0.0,0.0,mark,145.52,0.0,1.2914017817145285
2024-06-16,SOL,1,-0.00012145326091716845,0.00012144588576843782,0.0,funding,145.52,0.0,1.2912449462812652
2024-06-16,SOL,1,0.014702590518995777,0.0,0.0,mark,151.35,0.0,1.3103698402166082
2024-06-16,SOL,1,-0.020920740982038742,0.0,0.0,mark,143.08,0.0,1.2832407025072965
2024-06-16,SOL,1,0.020795561318968238,0.0,0.0,mark,151.3,0.0,1.3102058188277974
2024-06-17,SOL,1,0.0,0.0,0.0,mark,151.3,0.0,1.3102058188277974
2024-06-17,SOL,1,-0.00012446519765117847,0.00012445745217976303,0.0,funding,151.3,0.0,1.310042753949755
2024-06-17,SOL,1,0.001226238054828551,0.0,0.0,mark,151.79,0.0,1.311650163560101
2024-06-17,SOL,1,-0.030316800612572786,0.0,0.0,mark,139.85,0.0,1.2724818559120743
2024-06-17,SOL,1,0.008778038209568061,0.0,0.0,mark,143.27,0.0,1.2837009189067352
2024-06-18,SOL,1,2.555412879940984e-05,0.0,0.0,mark,143.28,0.0,1.2837337231844974
2024-06-18,SOL,1,-0.00012029795560359277,0.00012029072009467913,0.0,funding,143.28,0.0,1.2835793019305257
2024-06-18,SOL,1,0.0013791199105357619,0.0,0.0,mark,143.82,0.0,1.2853507329296827
2024-06-18,SOL,1,-0.041345950762346276,0.0,0.0,mark,127.95,0.0,1.2332903441211245
2024-06-18,SOL,1,0.024851277775845754,0.0,0.0,mark,137.41,0.0,1.264323190884134
2024-06-19,SOL,1,0.0,0.0,0.0,mark,137.41,0.0,1.264323190884134
2024-06-19,SOL,1,-0.00011714052712682704,0.00011713366644320495,0.0,funding,137.41,0.0,1.2641750960732165
2024-06-19,SOL,1,0.011583819145900565,0.0,0.0,mark,141.9,0.0,1.2789042167884292
2024-06-19,SOL,1,-0.01924212131827764,0.0,0.0,mark,134.47,0.0,1.2545306384111394
2024-06-19,SOL,1,0.003002582044051684,0.0,0.0,mark,135.62,0.0,1.2583031303537886
2024-06-20,SOL,1,0.0,0.0,0.0,mark,135.62,0.0,1.2583031303537886
2024-06-20,SOL,1,-0.0001161676463307794,0.00011616089913111835,0.0,funding,135.62,0.0,1.2581569647307873
2024-06-20,SOL,1,-0.009746604050979142,0.0,0.0,mark,131.9,0.0,1.2459537734032613
2024-06-20,SOL,1,0.02442194186325711,0.0,0.0,mark,141.29,0.0,1.2767569902219356
2024-06-20,SOL,1,-0.020087123931335445,0.0,0.0,mark,133.55,0.0,1.2513664792340187
2024-06-21,SOL,1,0.0,0.0,0.0,mark,133.55,0.0,1.2513664792340187
2024-06-21,SOL,1,-0.00011502860554684139,0.00011502199001048935,0.0,funding,133.55,0.0,1.2512225445713447
2024-06-21,SOL,1,0.004786380774395405,0.0,0.0,mark,135.38,0.0,1.2572257274018213
2024-06-21,SOL,1,-0.017424219668744544,0.0,0.0,mark,128.76,0.0,1.235509295523267
2024-06-21,SOL,1,0.015386923625856551,0.0,0.0,mark,134.6,0.0,1.2546669937363721
2024-06-22,SOL,1,2.614546256996629e-05,0.0,0.0,mark,134.61,0.0,1.2546997980141343
2024-06-22,SOL,1,-0.00011563361617521851,0.00011562693086631878,0.0,funding,134.61,0.0,1.2545547209273313
2024-06-22,SOL,1,-0.004218737590424488,0.0,0.0,mark,133.0,0.0,1.2492732322076225
2024-06-22,SOL,1,0.009772839686878549,0.0,0.0,mark,136.74,0.0,1.2615420320906727
2024-06-22,SOL,1,-0.007962629538751001,0.0,0.0,mark,133.69,0.0,1.2515367273732119
2024-06-23,SOL,1,2.6210855129196377e-05,0.0,0.0,mark,133.7,0.0,1.251569531650974
2024-06-23,SOL,1,-0.00011513912614787,0.00011513249789301129,0.0,funding,133.7,0.0,1.2514254353245082
2024-06-23,SOL,1,0.003637058499117896,0.0,0.0,mark,135.09,0.0,1.2559852299334495
2024-06-23,SOL,1,-0.01810624842852199,0.0,0.0,mark,128.22,0.0,1.233448691110841
2024-06-23,SOL,1,0.0012492114578066436,0.0,0.0,mark,128.69,0.0,1.234990492165663
2024-06-24,SOL,1,-2.6562725508985412e-05,0.0,0.0,mark,128.68,0.0,1.2349576878879007
2024-06-24,SOL,1,-0.00011230649228374849,0.00011230018614577721,0.0,funding,128.68,0.0,1.2348190019096688
2024-06-24,SOL,1,-0.01790547980191556,0.0,0.0,mark,122.0,0.0,1.2129057443645415
2024-06-24,SOL,1,0.028423266004651237,0.0,0.0,mark,132.66,0.0,1.2478751044590108
2024-06-24,SOL,1,-0.0008678841258856456,0.0,0.0,mark,132.33,0.0,1.2467925632928594
2024-06-25,SOL,1,2.6310588609468102e-05,0.0,0.0,mark,132.34,0.0,1.2468253675706216
2024-06-25,SOL,1,-0.00011440153304272945,0.00011439498943699782,0.0,funding,132.34,0.0,1.2466827369958686
2024-06-25,SOL,1,0.01969754232442472,0.0,0.0,mark,139.9,0.0,1.2714827709840666
2024-06-25,SOL,1,-0.022701761270167563,0.0,0.0,mark,131.2,0.0,1.2429430493309817
2024-06-25,SOL,1,0.014099259813403802,0.0,0.0,mark,136.58,0.0,1.2605917507670272
2024-06-26,SOL,1,-2.6023258189022758e-05,0.0,0.0,mark,136.57,0.0,1.260558946489265
2024-06-26,SOL,1,-0.00011677207803075699,0.0001167652604370646,0.0,funding,136.57,0.0,1.260411756995582
2024-06-26,SOL,1,0.009944616132545828,0.0,0.0,mark,140.41,0.0,1.273008599656254
2024-06-26,SOL,1,-0.014431247385125122,0.0,0.0,mark,134.85,0.0,1.2547694212204894
2024-06-26,SOL,1,0.005111075505970096,0.0,0.0,mark,136.81,0.0,1.261199059661874
2024-06-27,SOL,1,0.0,0.0,0.0,mark,136.81,0.0,1.261199059661874
2024-06-27,SOL,1,-0.00011691792382363123,0.00011691108918966029,0.0,funding,136.81,0.0,1.261051611506124
2024-06-27,SOL,1,0.036774781156004466,0.0,0.0,mark,151.21,0.0,1.308289771483644
2024-06-27,SOL,1,-0.040971738294674404,0.0,0.0,mark,135.2,0.0,1.2557701227864153
2024-06-27,SOL,1,0.03720352225053223,0.0,0.0,mark,149.71,0.0,1.3033691298193189
2024-06-28,SOL,1,0.0,0.0,0.0,mark,149.71,0.0,1.3033691298193189
2024-06-28,SOL,1,-0.0001238031700005838,0.00012379550670438502,0.0,funding,149.71,0.0,1.30320777857747
2024-06-28,SOL,1,0.0028403923293060895,0.0,0.0,mark,150.84,0.0,1.3069146619645948
2024-06-28,SOL,1,-0.030143743335669267,0.0,0.0,mark,139.01,0.0,1.2681072013719519
2024-06-28,SOL,1,0.0026351318255499996,0.0,0.0,mark,140.03,0.0,1.271453237703693
2024-06-29,SOL,1,0.0,0.0,0.0,mark,140.03,0.0,1.271453237703693
2024-06-29,SOL,1,-0.00011870471642554626,0.000118697671299534,0.0,funding,140.03,0.0,1.2713023191652113
2024-06-29,SOL,1,0.008300047629028135,0.0,0.0,mark,143.26,0.0,1.281898100882391
2024-06-29,SOL,1,-0.009229411821012456,0.0,0.0,mark,139.67,0.0,1.2701213651657732
2024-06-29,SOL,1,0.0015742482004453644,0.0,0.0,mark,140.28,0.0,1.2721224261092654
2024-06-30,SOL,1,0.0,0.0,0.0,mark,140.28,0.0,1.2721224261092654
2024-06-30,SOL,1,-0.00011885409758131293,0.00011884703471281522,0.0,funding,140.28,0.0,1.2719712381311306
2024-06-30,SOL,1,-0.008261073894559393,0.0,0.0,mark,137.09,0.0,1.2615066735249993
2024-06-30,SOL,1,0.027014072599031592,0.0,0.0,mark,147.62,0.0,1.2960495780085606
2024-06-30,SOL,1,-0.0025596816116203957,0.0,0.0,mark,146.61,0.0,1.2927363459545818
2024-07-01,SOL,1,0.0,0.0,0.0,mark,146.61,0.0,1.2927363459545818
2024-07-01,SOL,1,-0.00012223671761483213,0.00012222924701169372,0.0,funding,146.61,0.0,1.2925783357644312
2024-07-01,SOL,1,0.00695496860855158,0.0,0.0,mark,149.36,0.0,1.301599512149027
2024-07-01,SOL,1,-0.008834776457983366,0.0,0.0,mark,145.87,0.0,1.2901508192100308
2024-07-01,SOL,1,0.0020320699421527717,0.0,0.0,mark,146.67,0.0,1.2927751614310041
2024-07-02,SOL,1,2.5374761630822515e-05,0.0,0.0,mark,146.68,0.0,1.2928079657087663
2024-07-02,SOL,1,-0.0005398244871053703,0.0005396788080818391,0.3721922814357511,rotation,146.68,-0.0032804277762166485,1.292110264646754
2024-07-02,BNB,2,-0.0016299209568569272,0.001628593357086253,1.123167832473278,entry,576.9,0.002515612212272089,1.2900059424531272
2024-07-02,BNB,2,-0.00036967817882145625,0.00036960985626283366,0.0,funding,576.9,0.0,1.2895291435421588
2024-07-02,BNB,2,0.009899908881137847,0.0,0.0,mark,582.0,0.0,1.3023587658247464
2024-07-02,BNB,2,-0.015769498380736987,0.0,0.0,mark,573.9,0.0,1.2819823069053424
2024-07-02,BNB,2,0.01209274237373606,0.0,0.0,mark,580.1,0.0,1.2975791026214294
2024-07-03,BNB,2,0.0,0.0,0.0,mark,580.1,0.0,1.2975791026214294
2024-07-03,BNB,2,-0.0003695591715938163,0.0003694908930144566,0.0,funding,580.1,0.0,1.297099658960045
2024-07-03,BNB,2,0.001743950322558077,0.0,0.0,mark,581.0,0.0,1.2993637099510897
2024-07-03,BNB,2,-0.06086424962990585,0.0,0.0,mark,550.5,0.0,1.222637537476791
2024-07-03,BNB,2,0.012675998895960511,0.0,0.0,mark,556.7,0.0,1.238234333192878
2024-07-04,BNB,2,0.0,0.0,0.0,mark,556.7,0.0,1.238234333192878
2024-07-04,BNB,2,-0.00037164970770919365,0.0003715806545112559,0.0,funding,556.7,0.0,1.2377742292689118
2024-07-04,BNB,2,0.002841274363418623,0.0,0.0,mark,558.1,0.0,1.2412960863660927
2024-07-04,BNB,2,-0.09897755082909657,0.0,0.0,mark,511.6,0.0,1.1243201184954406
2024-07-04,BNB,2,0.004464921235433021,0.0,0.0,mark,513.6,0.0,1.1293513429199846
2024-07-05,BNB,2,-0.0002227732267707267,0.0,0.0,mark,513.5,0.0,1.1290997816987574
2024-07-05,BNB,2,-0.0003759451385482605,0.000375874480029628,0.0,funding,513.5,0.0,1.1286753819054098
2024-07-05,BNB,2,0.005778201267229478,0.0,0.0,mark,516.1,0.0,1.1352159736573173
2024-07-05,BNB,2,-0.046298416279781526,0.0,0.0,mark,495.6832717075372,0.0,1.0838554026301568
2024-07-05,BNB,2,-0.0016695795116434765,0.001668186539104554,1.1504734752445198,stop,495.6832717075372,-0.002515612212272089,1.0820473296371533
2024-07-17,BNB,3,-0.0010213016806125087,0.0010207803295518274,0.703986434173674,entry,576.3,0.0013217883761901885,1.0809427970074157
2024-07-17,BNB,3,-0.00023155232041215262,0.00023152551424265402,0.0,funding,576.3,0.0,1.0806925311704716
2024-07-17,BNB,3,0.009373751352723031,0.0,0.0,mark,584.0,0.0,1.0908703016671362
2024-07-17,BNB,3,-0.024159652074467755,0.0,0.0,mark,564.3,0.0,1.0648310706561894
2024-07-17,BNB,3,0.005693798136351828,0.0,0.0,mark,568.9,0.0,1.0709112971866643
2024-07-18,BNB,3,0.0,0.0,0.0,mark,568.9,0.0,1.0709112971866643
2024-07-18,BNB,3,-0.00023072012738820032,0.0002306935135465002,0.0,funding,568.9,0.0,1.0706642448968198
2024-07-18,BNB,3,0.0131231962725981,0.0,0.0,mark,579.6,0.0,1.0848073805220548
2024-07-18,BNB,3,-0.022176265782729954,0.0,0.0,mark,561.6,0.0,1.0610151897506315
2024-07-18,BNB,3,0.012749877418745214,0.0,0.0,mark,571.9,0.0,1.0746296100253903
2024-07-19,BNB,3,0.00012299187374984803,0.0,0.0,mark,572.0,0.0,1.0747617888630092
2024-07-19,BNB,3,-0.00023114630367396504,0.00023111959142517482,0.0,funding,572.0,0.0,1.0745133903574877
2024-07-19,BNB,3,-0.008648179823756465,0.0,0.0,mark,565.0,0.0,1.0652608717241563
2024-07-19,BNB,3,0.04096473122388366,0.0,0.0,mark,598.7,0.0,1.1098051400017657
2024-07-19,BNB,3,-0.006332357046262549,0.0,0.0,mark,593.4,0.0,1.1027996616079576
2024-07-20,BNB,3,0.0,0.0,0.0,mark,593.4,0.0,1.1027996616079576
2024-07-20,BNB,3,-0.00023369779431615064,0.00023367048911372736,0.0,funding,593.4,0.0,1.1025419698716352
2024-07-20,BNB,3,0.005380349154059904,0.0,0.0,mark,597.9,0.0,1.1084900175644912
2024-07-20,BNB,3,-0.013445113186788057,0.0,0.0,mark,586.7,0.0,1.093685987751161
2024-07-20,BNB,3,0.007705042725705946,0.0,0.0,mark,593.1,0.0,1.1021454333587783
2024-07-21,BNB,3,0.00011992148062859226,0.0,0.0,mark,593.2,0.0,1.1022776121963973
2024-07-21,BNB,3,-0.0002337296766014906,0.00023370236394874527,0.0,funding,593.2,0.0,1.1020200073126993
2024-07-21,BNB,3,0.012159884778336667,0.0,0.0,mark,603.4,0.0,1.1155022487498392
2024-07-21,BNB,3,-0.026292533431664163,0.0,0.0,mark,581.5,0.0,1.086555083311274
2024-07-21,BNB,3,0.02522553037427352,0.0,0.0,mark,602.5,0.0,1.114312639211268
2024-07-22,BNB,3,0.0,0.0,0.0,mark,602.5,0.0,1.114312639211268
2024-07-22,BNB,3,-0.00023483019363074008,0.00023480262317907767,0.0,funding,602.5,0.0,1.1140509956805398
2024-07-22,BNB,3,0.003671310296182811,0.0,0.0,mark,605.6,0.0,1.1181485396467294
2024-07-22,BNB,3,-0.03036405261394787,0.0,0.0,mark,580.3,0.0,1.0847072937291176
2024-07-22,BNB,3,0.008372960161848571,0.0,0.0,mark,587.2,0.0,1.09382763352483
2024-07-23,BNB,3,0.00012083334514817558,0.0,0.0,mark,587.3,0.0,1.093959812362449
2024-07-23,BNB,3,-0.0002331643840977914,0.0002331372033952601,0.0,funding,587.3,0.0,1.093704769631168
2024-07-23,BNB,3,-0.012281384703821339,0.0,0.0,mark,577.2,0.0,1.080354707031647
2024-07-23,BNB,3,0.019746413596464313,0.0,0.0,mark,593.5,0.0,1.101899857563547
2024-07-23,BNB,3,-0.014012545089587762,0.0,0.0,mark,581.9,0.0,1.086567112399741
2024-07-24,BNB,3,0.00012164071331578642,0.0,0.0,mark,582.0,0.0,1.0866992912373599
2024-07-24,BNB,3,-0.00023260393579540764,0.00023257688559733637,0.0,funding,582.0,0.0,1.086446550100623
2024-07-24,BNB,3,-0.014213278669531253,0.0,0.0,mark,570.4,0.0,1.071113804936817
2024-07-24,BNB,3,0.022814159211645074,0.0,0.0,mark,589.1,0.0,1.0958312475715735
2024-07-24,BNB,3,-0.017276378469519592,0.0,0.0,mark,574.9,0.0,1.0770618526296727
2024-07-25,BNB,3,0.0,0.0,0.0,mark,574.9,0.0,1.0770618526296727
2024-07-25,BNB,3,-0.00023182216248378976,0.00023179529380260906,0.0,funding,574.9,0.0,1.076812194761099
2024-07-25,BNB,3,-0.027124082919237118,0.0,0.0,mark,553.1,0.0,1.047997208160153
2024-07-25,BNB,3,0.02920866089750249,0.0,0.0,mark,576.6,0.0,1.0790592350006223
2024-07-25,BNB,3,-0.007376812800703647,0.0,0.0,mark,570.6,0.0,1.071128504743481
2024-07-26,BNB,3,0.0001233938618687933,0.0,0.0,mark,570.7,0.0,1.0712606835811
2024-07-26,BNB,3,-0.00023137471543989576,0.00023134795037462347,0.0,funding,570.7,0.0,1.0710128496176365
2024-07-26,BNB,3,0.014822788565234491,0.0,0.0,mark,582.8,0.0,1.0870064889695377
2024-07-26,BNB,3,-0.015440053038360949,0.0,0.0,mark,570.2,0.0,1.0703519554295413
2024-07-26,BNB,3,0.01312700011905985,0.0,0.0,mark,580.9,0.0,1.0844950910547762
2024-07-27,BNB,3,0.0,0.0,0.0,mark,580.9,0.0,1.0844950910547762
2024-07-27,BNB,3,-0.00023263617634034287,0.00023260911864319495,0.0,funding,580.9,0.0,1.084242827607473
2024-07-27,BNB,3,0.014402935647833615,0.0,0.0,mark,592.8,0.0,1.0999721092841361
2024-07-27,BNB,3,-0.0245729127166867,0.0,0.0,mark,572.6,0.0,1.0732719840850944
2024-07-27,BNB,3,0.011022975379515238,0.0,0.0,mark,581.6,0.0,1.085168079470806
2024-07-28,BNB,3,0.0,0.0,0.0,mark,581.6,0.0,1.085168079470806
2024-07-28,BNB,3,-0.00023277207718322388,0.00023274498786526122,0.0,funding,581.6,0.0,1.084915512039318
2024-07-28,BNB,3,0.004012438309333716,0.0,0.0,mark,584.9,0.0,1.0892774136807455
2024-07-28,BNB,3,-0.012700232477877788,0.0,0.0,mark,574.5,0.0,1.0755308145683675
2024-07-28,BNB,3,0.011486041332593176,0.0,0.0,mark,583.9,0.0,1.0879556253045553
2024-07-29,BNB,3,0.0,0.0,0.0,mark,583.9,0.0,1.0879556253045553
2024-07-29,BNB,3,-0.000233093872843386,0.00023306670857716643,0.0,funding,583.9,0.0,1.0877020590678874
2024-07-29,BNB,3,0.016989346640991512,0.0,0.0,mark,598.0,0.0,1.106339275172169
2024-07-29,BNB,3,-0.03130936853438324,0.0,0.0,mark,572.2,0.0,1.0722371350664621
2024-07-29,BNB,3,0.002585406545971226,0.0,0.0,mark,574.3,0.0,1.0750128906564613
2024-07-30,BNB,3,0.0,0.0,0.0,mark,574.3,0.0,1.0750128906564613
2024-07-30,BNB,3,-0.0002320216313433858,0.000231994716406291,0.0,funding,574.3,0.0,1.0747634933457604
2024-07-30,BNB,3,0.017071230005316407,0.0,0.0,mark,588.3,0.0,1.093268530612423
2024-07-30,BNB,3,-0.026586130335867403,0.0,0.0,mark,566.6,0.0,1.064585722849096
2024-07-30,BNB,3,0.026465220582285447,0.0,0.0,mark,588.2,0.0,1.093136351774804
2024-07-31,BNB,3,-0.00012092437451832419,0.0,0.0,mark,588.1,0.0,1.093004172937185
2024-07-31,BNB,3,-0.0002336861924587851,0.00023365888996738064,0.0,funding,588.1,0.0,1.092748782795407
2024-07-31,BNB,3,-0.016341430058265428,0.0,0.0,mark,574.7,0.0,1.0750368185544585
2024-07-31,BNB,3,0.022130717326634533,0.0,0.0,mark,592.9,0.0,1.0990933670011198
2024-07-31,BNB,3,-0.01992001149000262,0.0,0.0,mark,576.5,0.0,1.0774160376316007
2024-08-01,BNB,3,0.0,0.0,0.0,mark,576.5,0.0,1.0774160376316007
2024-08-01,BNB,3,-0.00023239099085639044,0.00023236399016175182,0.0,funding,576.5,0.0,1.0771656849420324
2024-08-01,BNB,3,0.0018389558058857388,0.0,0.0,mark,578.0,0.0,1.0791483675063176
2024-08-01,BNB,3,-0.030215637763808294,0.0,0.0,mark,553.7,0.0,1.0470289099648962
2024-08-01,BNB,3,0.02665726673648065,0.0,0.0,mark,575.1,0.0,1.075315181215366
2024-08-02,BNB,3,0.00012291346464266597,0.0,0.0,mark,575.2,0.0,1.075447360052985
2024-08-02,BNB,3,-0.00023229138843118243,0.0002322644108755199,0.0,funding,575.2,0.0,1.0751975719054747
2024-08-02,BNB,3,-0.043980166442720195,0.0,0.0,mark,540.2,0.0,1.028934978738818
2024-08-02,BNB,3,0.046926249620261824,0.0,0.0,mark,577.6,0.0,1.078369864008331
2024-08-02,BNB,3,-0.04346378233260794,0.0,0.0,mark,542.9,0.0,1.0325038073545314
2024-08-03,BNB,3,0.0,0.0,0.0,mark,542.9,0.0,1.0325038073545314
2024-08-03,BNB,3,-0.0002283656175735546,0.00022833954413072134,0.0,funding,542.9,0.0,1.0322680459058469
2024-08-03,BNB,3,0.0030684158525530305,0.0,0.0,mark,545.3,0.0,1.0354403380087034
2024-08-03,BNB,3,-0.0311162591297417,0.0,0.0,mark,521.3,0.0,1.0037174169801388
2024-08-03,BNB,3,0.010870908347135274,0.0,0.0,mark,529.6,0.0,1.0146882605025176
2024-08-04,BNB,3,0.00013025698073233238,0.0,0.0,mark,529.7,0.0,1.0148204393401365
2024-08-04,BNB,3,-0.00022669552251725333,0.0002266698290288662,0.0,funding,529.7,0.0,1.0145904101646563
2024-08-04,BNB,3,-0.05792588143556639,0.0,0.0,mark,486.5,0.0,0.9574891523132402
2024-08-04,BNB,3,0.061177539753843664,0.0,0.0,mark,532.2,0.0,1.0178948811051318
2024-08-04,BNB,3,-0.04692270034030389,0.0,0.0,mark,496.9,0.0,0.971235751425618
2024-08-05,BNB,3,0.0,0.0,0.0,mark,496.9,0.0,0.971235751425618
2024-08-05,BNB,3,-0.0002561182513345262,0.00025608545585512364,0.1766106592104301,resize,496.9,-0.00034520142142889076,0.9709870320754714
2024-08-05,BNB,3,-0.00016420756604257868,0.00016419408471813403,0.0,funding,496.9,0.0,0.9708276017484666
2024-08-05,BNB,3,0.0030132528377572764,0.0,0.0,mark,499.9,0.0,0.9737573626127505
2024-08-05,BNB,3,-0.02667016978495802,0.0,0.0,mark,473.6585919997762,0.0,0.9481303458851632
2024-08-05,BNB,3,-0.00070766864406721,0.000707418305668002,0.4878746935641393,stop,473.6585919997762,-0.0009765869547612978,0.9474596211223247
2024-08-19,BNB,4,-0.0007247373144569192,0.0007244747558020435,0.49963776262209897,entry,531.3,0.0008909968102246188,0.9467732105446799
2024-08-19,BNB,4,-0.00016428454119421496,0.00016427104722792604,0.0,funding,531.3,0.0,0.9466176831178964
2024-08-19,BNB,4,0.027296565686902963,0.0,0.0,mark,560.7,0.0,0.9728129893385002
2024-08-19,BNB,4,-0.029369446156229433,0.0,0.0,mark,529.1,0.0,0.9446574901354022
2024-08-19,BNB,4,0.027260660392648437,0.0,0.0,mark,558.4,0.0,0.9707636966749835
2024-08-20,BNB,4,9.177886714999508e-05,0.0,0.0,mark,558.5,0.0,0.970852796356006
2024-08-20,BNB,4,-0.00016841219335634805,0.0001683980128190236,0.0,funding,558.5,0.0,0.9706893066743598
2024-08-20,BNB,4,0.014941397810797247,0.0,0.0,mark,574.9,0.0,0.9853016543620435
2024-08-20,BNB,4,-0.015216806070784178,0.0,0.0,mark,558.2,0.0,0.9704220076312925
2024-08-20,BNB,4,0.010230810687379454,0.0,0.0,mark,569.4,0.0,0.9804011719058081
2024-08-21,BNB,4,0.0,0.0,0.0,mark,569.4,0.0,0.9804011719058081
2024-08-21,BNB,4,-0.0001700269373914418,0.0001700124836309053,0.0,funding,569.4,0.0,0.9802344914676178
2024-08-21,BNB,4,0.005167713011126087,0.0,0.0,mark,575.1,0.0,0.9853131732858982
2024-08-21,BNB,4,-0.02657403841162895,0.0,0.0,mark,546.1,0.0,0.9594742657893842
2024-08-21,BNB,4,0.022042397111261738,0.0,0.0,mark,570.1,0.0,0.9808581892347751
2024-08-22,BNB,4,9.083436872418418e-05,0.0,0.0,mark,570.2,0.0,0.9809472889157975
2024-08-22,BNB,4,-0.0001701710443197968,0.0001701565660489143,0.0,funding,570.2,0.0,0.9807803742936406
2024-08-22,BNB,4,0.01782758885515598,0.0,0.0,mark,590.0,0.0,0.998422111136088
2024-08-22,BNB,4,-0.02741217323523385,0.0,0.0,mark,559.7,0.0,0.9714249077862821
2024-08-22,BNB,4,0.021055940143446916,0.0,0.0,mark,582.9,0.0,0.9920960337834932
2024-08-23,BNB,4,8.98054998988353e-05,0.0,0.0,mark,583.0,0.0,0.9921851334645156
2024-08-23,BNB,4,-0.00017202056242839796,0.000172005767739889,0.0,funding,583.0,0.0,0.992014471898894
2024-08-23,BNB,4,0.015684135695407803,0.0,0.0,mark,600.6,0.0,1.0076960157588473
2024-08-23,BNB,4,-0.02352889727198685,0.0,0.0,mark,574.3,0.0,0.9842627996499397
2024-08-23,BNB,4,0.01562846157180441,0.0,0.0,mark,591.7,0.0,0.9997661441478481
2024-08-24,BNB,4,0.0,0.0,0.0,mark,591.7,0.0,0.9997661441478481
2024-08-24,BNB,4,-0.0001732638408234403,0.00017324883151100228,0.0,funding,591.7,0.0,0.9995929358315903
2024-08-24,BNB,4,0.0006237571785966558,0.0,0.0,mark,592.4,0.0,1.0002166335987475
2024-08-24,BNB,4,-0.015983364352033153,0.0,0.0,mark,574.6,0.0,0.9843568903767493
2024-08-24,BNB,4,0.005326212500719533,0.0,0.0,mark,580.5,0.0,0.9896137715570745
2024-08-25,BNB,4,0.0,0.0,0.0,mark,580.5,0.0,0.9896137715570745
2024-08-25,BNB,4,-0.00017172793757546574,0.00017171319317720922,0.0,funding,580.5,0.0,0.9894438418163484
2024-08-25,BNB,4,-0.010409774762566338,0.0,0.0,mark,569.0,0.0,0.9791973784987652
2024-08-25,BNB,4,0.013466806316112568,0.0,0.0,mark,583.9,0.0,0.992473230971112
2024-08-25,BNB,4,-0.00901808090500149,0.0,0.0,mark,573.9,0.0,0.9835632628688658
2024-08-26,BNB,4,0.0,0.0,0.0,mark,573.9,0.0,0.9835632628688658
2024-08-26,BNB,4,-0.0001708197920981933,0.00017080520322828086,0.0,funding,573.9,0.0,0.9833952651458636
2024-08-26,BNB,4,-0.024953080385034195,0.0,0.0,mark,546.7,0.0,0.959160151907754
2024-08-26,BNB,4,0.02649216574358789,0.0,0.0,mark,575.6,0.0,0.9849099597232455
2024-08-26,BNB,4,-0.025099734104815866,0.0,0.0,mark,548.2,0.0,0.9604966471230909
2024-08-27,BNB,4,9.275987471208754e-05,0.0,0.0,mark,548.3,0.0,0.9605857468041132
2024-08-27,BNB,4,-0.00016710350674796145,0.00016708954573463024,0.0,funding,548.3,0.0,0.9604252429680405
2024-08-27,BNB,4,-0.026128760815586304,0.0,0.0,mark,520.5,0.0,0.9356555316437962
2024-08-27,BNB,4,0.035363100133197795,0.0,0.0,mark,558.3,0.0,0.9693352110702868
2024-08-27,BNB,4,-0.023247730903530762,0.0,0.0,mark,533.3,0.0,0.9470602908146712
2024-08-28,BNB,4,0.0,0.0,0.0,mark,533.3,0.0,0.9470602908146712
2024-08-28,BNB,4,-0.000164853026157441,0.0001648394386439745,0.0,funding,533.3,0.0,0.9469041779279713
2024-08-28,BNB,4,0.01262292403308317,0.0,0.0,mark,546.8,0.0,0.9589326348660037
2024-08-28,BNB,4,-0.022932323044628267,0.0,0.0,mark,522.4,0.0,0.937192312696523
2024-08-28,BNB,4,0.013784896087025334,0.0,0.0,mark,537.0,0.0,0.9502008661258025
2024-08-29,BNB,4,0.0,0.0,0.0,mark,537.0,0.0,0.9502008661258025
2024-08-29,BNB,4,-0.0001654481672267143,0.00016543448143348767,0.0,funding,537.0,0.0,0.9500436701382573
2024-08-29,BNB,4,0.007940104051936604,0.0,0.0,mark,545.5,0.0,0.9576171430251665
2024-08-29,BNB,4,-0.013677405367413237,0.0,0.0,mark,530.9,0.0,0.9446085895958871
2024-08-29,BNB,4,0.005174433974785921,0.0,0.0,mark,536.4,0.0,0.9495090720521225
2024-08-30,BNB,4,0.0,0.0,0.0,mark,536.4,0.0,0.9495090720521225
2024-08-30,BNB,4,-0.00016538371128233448,0.00016537003615026298,0.0,funding,536.4,0.0,0.9493520517025523
2024-08-30,BNB,4,-0.013607010579141494,0.0,0.0,mark,522.0,0.0,0.9365216976353178
2024-08-30,BNB,4,0.020155244558643905,0.0,0.0,mark,543.4,0.0,0.9555890293741246
2024-08-30,BNB,4,-0.007675106468342904,0.0,0.0,mark,535.2,0.0,0.9482828555302828
2024-08-31,BNB,4,0.0,0.0,0.0,mark,535.2,0.0,0.9482828555302828
2024-08-31,BNB,4,-0.00016522709026186802,0.00016521344101790253,0.0,funding,535.2,0.0,0.9481261864566624
2024-08-31,BNB,4,-0.003860396107812877,0.0,0.0,mark,531.1,0.0,0.9444730995347413
2024-08-31,BNB,4,0.009763332727433667,0.0,0.0,mark,541.5,0.0,0.9537394663610773
2024-08-31,BNB,4,-0.008066689265173713,0.0,0.0,mark,532.9,0.0,0.9460768937931455
2024-09-01,BNB,4,0.0,0.0,0.0,mark,532.9,0.0,0.9460768937931455
2024-09-01,BNB,4,-0.0001649006100819118,0.00016488701472369265,0.0,funding,532.9,0.0,0.9459208979984289
2024-09-01,BNB,4,0.000282540838206836,0.0,0.0,mark,533.2,0.0,0.9461881970414964
2024-09-01,BNB,4,-0.024305580788117707,0.0,0.0,mark,507.7,0.0,0.9234677783807685
2024-09-01,BNB,4,0.0045244876812067115,0.0,0.0,mark,512.4,0.0,0.9276554633888242
2024-09-02,BNB,4,-9.605285986789887e-05,0.0,0.0,mark,512.3,0.0,0.9275663637078018
2024-09-02,BNB,4,-0.00016168943559828793,0.00016167636456603218,0.0,funding,512.3,0.0,0.9274163981502238
2024-09-02,BNB,4,0.017050872181438116,0.0,0.0,mark,530.2,0.0,0.9433652410532446
2024-09-02,BNB,4,-0.027480961575815276,0.0,0.0,mark,501.5,0.0,0.917793632599798
2024-09-02,BNB,4,0.023790658981252794,0.0,0.0,mark,526.3,0.0,0.9398903534933685
2024-09-03,BNB,4,9.479345939089376e-05,0.0,0.0,mark,526.4,0.0,0.9399794531743909
2024-09-03,BNB,4,-0.00016394579824820552,0.00016393235987023966,0.0,funding,526.4,0.0,0.9398253601244025
2024-09-03,BNB,4,0.0113123147923594,0.0,0.0,mark,538.4,0.0,0.9505173218470979
2024-09-03,BNB,4,-0.01940334224735732,0.0,0.0,mark,517.9,0.0,0.9322518872374932
2024-09-03,BNB,4,0.0007643053290525141,0.0,0.0,mark,518.7,0.0,0.932964684685673
2024-09-04,BNB,4,9.549710527290541e-05,0.0,0.0,mark,518.8,0.0,0.9330537843666953
2024-09-04,BNB,4,-0.0001627780365916001,0.0001627647889658274,0.0,funding,518.8,0.0,0.9329019160643891
2024-09-04,BNB,4,0.004668979785855337,0.0,0.0,mark,523.7,0.0,0.9372678004344898
2024-09-04,BNB,4,-0.026880704759669995,0.0,0.0,mark,495.8,0.0,0.9124089894292229
2024-09-04,BNB,4,0.011457195594378472,0.0,0.0,mark,507.6,0.0,0.9229227517898734
2024-09-05,BNB,4,0.0,0.0,0.0,mark,507.6,0.0,0.9229227517898734
2024-09-05,BNB,4,-0.0001610120556417971,0.00016099909389640185,0.0,funding,507.6,0.0,0.9227741620630988
2024-09-05,BNB,4,0.005104435350286066,0.0,0.0,mark,512.9,0.0,0.9274964451572892
2024-09-05,BNB,4,-0.01568485038010485,0.0,0.0,mark,496.7,0.0,0.9130622968316504
2024-09-05,BNB,4,0.00554683896405079,0.0,0.0,mark,502.4,0.0,0.9181409786499307
2024-09-06,BNB,4,0.0,0.0,0.0,mark,502.4,0.0,0.9181409786499307
2024-09-06,BNB,4,-0.00016019251322544088,0.0001601796830898853,0.0,funding,502.4,0.0,0.9179939111189387
2024-09-06,BNB,4,0.007253066789188687,0.0,0.0,mark,509.9,0.0,0.9246763871956233
2024-09-06,BNB,4,-0.037903412402631675,0.0,0.0,mark,471.3,0.0,0.890283910320953
2024-09-06,BNB,4,0.015787451781599262,0.0,0.0,mark,487.2,0.0,0.9044507596035244
2024-09-07,BNB,4,9.850762095074453e-05,0.0,0.0,mark,487.3,0.0,0.9045398592845468
2024-09-07,BNB,4,-0.00015771395388517218,0.00015770151769345183,0.0,funding,487.3,0.0,0.9043972119759235
2024-09-07,BNB,4,0.01194757591979,0.0,0.0,mark,499.5,0.0,0.9152673730606639
2024-09-07,BNB,4,-0.016291803880343864,0.0,0.0,mark,482.9,0.0,0.9004768260109351
2024-09-07,BNB,4,0.010433783876064211,0.0,0.0,mark,493.5,0.0,0.9099213921993161
2024-09-08,BNB,4,9.791540207956288e-05,0.0,0.0,mark,493.6,0.0,0.9100104918803386
2024-09-08,BNB,4,-0.00015879265244495884,0.00015878004555903267,0.0,funding,493.6,0.0,0.9098660003729786
2024-09-08,BNB,4,0.012940093602920383,0.0,0.0,mark,506.9,0.0,0.921716257948966
2024-09-08,BNB,4,-0.015783992211875462,0.0,0.0,mark,490.7,0.0,0.9072821096233271
2024-09-08,BNB,4,0.012103877301195002,0.0,0.0,mark,503.1,0.0,0.9183304700701124
2024-09-09,BNB,4,9.701884215121023e-05,0.0,0.0,mark,503.2,0.0,0.9184195697511348
2024-09-09,BNB,4,-0.00016039894362660705,0.00016038608040380204,0.0,funding,503.2,0.0,0.9182722680361762
2024-09-09,BNB,4,-0.0014565056624140846,0.0,0.0,mark,501.7,0.0,0.9169357728208393
2024-09-09,BNB,4,0.023053289254468264,0.0,0.0,mark,525.7,0.0,0.9383196962662301
2024-09-09,BNB,4,-0.006669153909509071,0.0,0.0,mark,518.7,0.0,0.9320827185946577
2024-09-10,BNB,4,0.0,0.0,0.0,mark,518.7,0.0,0.9320827185946577
2024-09-10,BNB,4,-0.00016291622528511005,0.0001629029551575935,0.0,funding,518.7,0.0,0.9319308795653474
2024-09-10,BNB,4,0.005339744133393354,0.0,0.0,mark,524.3,0.0,0.9369204617026051
2024-09-10,BNB,4,-0.014463966173086406,0.0,0.0,mark,509.2,0.0,0.9234664098682134
2024-09-10,BNB,4,0.007497570444830585,0.0,0.0,mark,517.0,0.0,0.9304161849879654
2024-09-11,BNB,4,0.0,0.0,0.0,mark,517.0,0.0,0.9304161849879654
2024-09-11,BNB,4,-0.00016267311418778686,0.00016265988363415768,0.0,funding,517.0,0.0,0.930264843599584
2024-09-11,BNB,4,-0.010107688463936094,0.0,0.0,mark,506.5,0.0,0.9209093770922254
2024-09-11,BNB,4,0.027577503983556594,0.0,0.0,mark,535.4,0.0,0.9466591849077168
2024-09-11,BNB,4,-0.0050008500693442415,0.0,0.0,mark,530.1,0.0,0.9419369018135264
2024-09-12,BNB,4,9.458751117915781e-05,0.0,0.0,mark,530.2,0.0,0.9420260014945488
2024-09-12,BNB,4,-0.0001647706226596012,0.00016475704872612827,0.0,funding,530.2,0.0,0.9418707960707193
2024-09-12,BNB,4,0.017349370901077327,0.0,0.0,mark,548.7,0.0,0.9583542370598748
2024-09-12,BNB,4,-0.01753858604855767,0.0,0.0,mark,530.0,0.0,0.9416925967086743
2024-09-12,BNB,4,0.013626137197877,0.0,0.0,mark,544.5,0.0,0.9546120504569313
2024-09-13,BNB,4,9.333165565429594e-05,0.0,0.0,mark,544.6,0.0,0.9547011501379538
2024-09-13,BNB,4,-0.00016699890548891244,0.00016698496194787274,0.0,funding,544.6,0.0,0.9545417294027264
2024-09-13,BNB,4,0.013996368231810207,0.0,0.0,mark,559.7,0.0,0.9679957812371182
2024-09-13,BNB,4,-0.019518819280902468,0.0,0.0,mark,538.7,0.0,0.9492848482224011
2024-09-13,BNB,4,0.016476694343617402,0.0,0.0,mark,556.4,0.0,0.9650554917633768
2024-09-14,BNB,4,0.0,0.0,0.0,mark,556.4,0.0,0.9650554917633768
2024-09-14,BNB,4,-0.0001687868688247533,0.00016877262512267146,0.0,funding,556.4,0.0,0.9648926168146429
2024-09-14,BNB,4,-0.008252355271465676,0.0,0.0,mark,547.5,0.0,0.9569627452036438
2024-09-14,BNB,4,0.010834581887682028,0.0,0.0,mark,559.2,0.0,0.9673874078832718
2024-09-14,BNB,4,-0.0054489197460241045,0.0,0.0,mark,553.3,0.0,0.9621305267029465
2024-09-15,BNB,4,9.260235819675114e-05,0.0,0.0,mark,553.4,0.0,0.962219626383969
2024-09-15,BNB,4,-0.00016837153662364938,0.00016835736293198172,0.0,funding,553.4,0.0,0.9620576296251095
2024-09-15,BNB,4,0.007841337547241251,0.0,0.0,mark,561.9,0.0,0.9696311025120188
2024-09-15,BNB,4,-0.014718341079497897,0.0,0.0,mark,546.0,0.0,0.9554642532294474
2024-09-15,BNB,4,0.0068770035322566255,0.0,0.0,mark,553.4,0.0,0.9620576296251095
2024-09-16,BNB,4,0.0,0.0,0.0,mark,553.4,0.0,0.9620576296251095
2024-09-16,BNB,4,-0.00016839989037200378,0.0001683857119063937,0.0,funding,553.4,0.0,0.9618956328662501
2024-09-16,BNB,4,0.0016659382405770883,0.0,0.0,mark,555.2,0.0,0.9634994271246545
2024-09-16,BNB,4,-0.02642403082997482,0.0,0.0,mark,527.0,0.0,0.9383733170763202
2024-09-16,BNB,4,0.006341580613256851,0.0,0.0,mark,533.7,0.0,0.9443429957048252
2024-09-17,BNB,4,0.0,0.0,0.0,mark,533.7,0.0,0.9443429957048252
2024-09-17,BNB,4,-0.00016545143447580562,0.000165437748142092,0.0,funding,533.7,0.0,0.944186765726142
2024-09-17,BNB,4,0.017770810846720712,0.0,0.0,mark,552.7,0.0,0.9611157051204098
2024-09-17,BNB,4,-0.022215905168261264,0.0,0.0,mark,529.0,0.0,0.9399990807180862
2024-09-17,BNB,4,0.0161718890703542,0.0,0.0,mark,546.2,0.0,0.9553242258539497
2024-09-18,BNB,4,0.0,0.0,0.0,mark,546.2,0.0,0.9553242258539497
2024-09-18,BNB,4,-0.00016738033052211878,0.00016736632321613074,0.0,funding,546.2,0.0,0.9551643367507893
2024-09-18,BNB,4,0.012514442534965942,0.0,0.0,mark,559.7,0.0,0.9671927936888216
2024-09-18,BNB,4,-0.02132162422339387,0.0,0.0,mark,536.8,0.0,0.9467889667346777
2024-09-18,BNB,4,0.021137363359069416,0.0,0.0,mark,559.5,0.0,0.9670145943267766
2024-09-19,BNB,4,0.0,0.0,0.0,mark,559.5,0.0,0.9670145943267766
2024-09-19,BNB,4,-0.0001693834653303949,0.00016936912076115203,0.0,funding,559.5,0.0,0.9668508119151723
2024-09-19,BNB,4,0.011635667461015622,0.0,0.0,mark,572.2,0.0,0.978166471405025
2024-09-19,BNB,4,-0.017643724116466045,0.0,0.0,mark,553.0,0.0,0.9610593326487122
2024-09-19,BNB,4,0.012895870770339952,0.0,0.0,mark,567.0,0.0,0.9735332879918569
2024-09-20,BNB,4,-9.152615494433428e-05,0.0,0.0,mark,566.9,0.0,0.9734441883108345
2024-09-20,BNB,4,-0.000170490267445741,0.0001704757348059745,0.0,funding,566.9,0.0,0.9732782396975396
2024-09-20,BNB,4,0.009294360202235473,0.0,0.0,mark,577.1,0.0,0.9823664071618308
2024-09-20,BNB,4,-0.020248102028804168,0.0,0.0,mark,555.0,0.0,0.9626753776558666
2024-09-20,BNB,4,0.012874361204843102,0.0,0.0,mark,569.0,0.0,0.9751493329990113
2024-09-21,BNB,4,9.136611975556197e-05,0.0,0.0,mark,569.1,0.0,0.9752384326800337
2024-09-21,BNB,4,-0.0001708370426352905,0.00017082245081860776,0.0,funding,569.1,0.0,0.9750718400608308
2024-09-21,BNB,4,0.01891783310413973,0.0,0.0,mark,590.0,0.0,0.9936936733945253
2024-09-21,BNB,4,-0.021388075636590054,0.0,0.0,mark,566.4,0.0,0.9726661486732243
2024-09-21,BNB,4,0.02013197513114791,0.0,0.0,mark,588.6,0.0,0.9924462778602109
2024-09-22,BNB,4,8.97738080750054e-05,0.0,0.0,mark,588.7,0.0,0.9925353775412333
2024-09-22,BNB,4,-0.0001736412550381285,0.00017362618026797914,0.0,funding,588.7,0.0,0.99236304741485
2024-09-22,BNB,4,0.0052833551563061755,0.0,0.0,mark,594.6,0.0,0.9976199285951752
2024-09-22,BNB,4,-0.01638838864118987,0.0,0.0,mark,576.4,0.0,0.9814037866490871
2024-09-22,BNB,4,0.011105033484883899,0.0,0.0,mark,588.7,0.0,0.99236304741485
2024-09-23,BNB,4,0.0,0.0,0.0,mark,588.7,0.0,0.99236304741485
2024-09-23,BNB,4,-0.00017367141156012422,0.00017365633155350612,0.0,funding,588.7,0.0,0.9921907172884668
2024-09-23,BNB,4,0.024219976681177903,0.0,0.0,mark,616.0,0.0,1.0165149302075989
2024-09-23,BNB,4,-0.028990789926989776,0.0,0.0,mark,583.4,0.0,0.9874684341942763
2024-09-23,BNB,4,0.018859649861720434,0.0,0.0,mark,604.5,0.0,1.0062684668900157
2024-09-24,BNB,4,0.0,0.0,0.0,mark,604.5,0.0,1.0062684668900157
2024-09-24,BNB,4,-0.0001758683953839817,0.00017585293144436762,0.0,funding,604.5,0.0,1.006091511630293
2024-09-24,BNB,4,0.007850959580118081,0.0,0.0,mark,613.4,0.0,1.014021383241292
2024-09-24,BNB,4,-0.013178739956875959,0.0,0.0,mark,598.5,0.0,1.0007455307689452
2024-09-24,BNB,4,0.006566855422276939,0.0,0.0,mark,605.9,0.0,1.0073389071646075
2024-09-25,BNB,4,-8.84544626234054e-05,0.0,0.0,mark,605.8,0.0,1.007249807483585
2024-09-25,BNB,4,-0.00017607491210444286,0.00017605941182686097,0.0,funding,605.8,0.0,1.0070724716749166
2024-09-25,BNB,4,0.0022094062511498003,0.0,0.0,mark,608.3,0.0,1.0092999637004783
2024-09-25,BNB,4,-0.021504743236723942,0.0,0.0,mark,584.2,0.0,0.9878269405740651
2024-09-25,BNB,4,0.002882167762221372,0.0,0.0,mark,587.4,0.0,0.9906781303667838
2024-09-26,BNB,4,8.993402781883153e-05,0.0,0.0,mark,587.5,0.0,0.9907672300478062
2024-09-26,BNB,4,-0.00017359655539390544,0.00017358148838370546,0.0,funding,587.5,0.0,0.9905952511973727
2024-09-26,BNB,4,0.01915369453453859,0.0,0.0,mark,609.0,0.0,1.009751682617202
2024-09-26,BNB,4,-0.02519828127933069,0.0,0.0,mark,580.8,0.0,0.9846255725688676
2024-09-26,BNB,4,0.013928638288088178,0.0,0.0,mark,596.3,0.0,0.9984360231273492
2024-09-27,BNB,4,0.0,0.0,0.0,mark,596.3,0.0,0.9984360231273492
2024-09-27,BNB,4,-0.00017484358573468002,0.00017482830148573297,0.0,funding,596.3,0.0,0.9982614682532838
2024-09-27,BNB,4,0.01628949585153803,0.0,0.0,mark,614.7,0.0,1.0146558095614169
2024-09-27,BNB,4,-0.016557296267124398,0.0,0.0,mark,596.0,0.0,0.9979941692102164
2024-09-27,BNB,4,0.009595917544790335,0.0,0.0,mark,606.8,0.0,1.0076169347606423
2024-09-28,BNB,4,8.842223548507735e-05,0.0,0.0,mark,606.9,0.0,1.0077060344416648
2024-09-28,BNB,4,-0.00017631478611774293,0.00017629924357922112,0.0,funding,606.9,0.0,1.0075283766300425
2024-09-28,BNB,4,0.010293606888474766,0.0,0.0,mark,618.6,0.0,1.0179530393096705
2024-09-28,BNB,4,-0.021319980256293718,0.0,0.0,mark,594.5,0.0,0.9964800161832572
2024-09-28,BNB,4,0.0058840068391747494,0.0,0.0,mark,601.1,0.0,1.0023605951307397
2024-09-29,BNB,4,0.0,0.0,0.0,mark,601.1,0.0,1.0023605951307397
2024-09-29,BNB,4,-0.00017556099573948284,0.00017554558580972564,0.0,funding,601.1,0.0,1.002184635152875
2024-09-29,BNB,4,0.0015102517312067353,0.0,0.0,mark,602.8,0.0,1.0036993297302568
2024-09-29,BNB,4,-0.009275094837822635,0.0,0.0,mark,592.4,0.0,0.9944329629039208
2024-09-29,BNB,4,0.0028630488918309715,0.0,0.0,mark,595.6,0.0,0.9972841526966396
2024-09-30,BNB,4,0.0,0.0,0.0,mark,595.6,0.0,0.9972841526966396
2024-09-30,BNB,4,-0.00017484004407881853,0.00017482476044902134,0.0,funding,595.6,0.0,0.9971098027335448
2024-09-30,BNB,4,-0.02910332271701949,0.0,0.0,mark,563.5,0.0,0.9685088051253344
2024-09-30,BNB,4,0.029282022635448532,0.0,0.0,mark,595.8,0.0,0.9972880020955895
2024-09-30,BNB,4,-0.025700569702129118,0.0,0.0,mark,567.4,0.0,0.9719836926852103
2024-10-01,BNB,4,0.0,0.0,0.0,mark,567.4,0.0,0.9719836926852103
2024-10-01,BNB,4,-0.00017089707625901537,0.0001708824741854792,0.0,funding,567.4,0.0,0.9718175977069363
2024-10-01,BNB,4,-0.02845622954801761,0.0,0.0,mark,536.8,0.0,0.944553095314063
2024-10-01,BNB,4,0.042747931250288695,0.0,0.0,mark,583.1,0.0,0.9858062476274628
2024-10-01,BNB,4,-0.03289201216558746,0.0,0.0,mark,547.3,0.0,0.9539085618214214
2024-10-02,BNB,4,-9.340920714897404e-05,0.0,0.0,mark,547.2,0.0,0.953819462140399
2024-10-02,BNB,4,-0.000741455439372952,0.0007411806292127856,0.5111590546295073,rotation,547.2,-0.0008909968102246188,0.9531125096312945
2024-10-02,TRX,5,-0.0007247373144569192,0.0007244747558020436,0.49963776262209897,entry,0.1536,3.100332043224699,0.9524220036786275
2024-10-02,TRX,5,-0.00016428454119421496,0.00016427104722792604,0.0,funding,0.1536,0.0,0.9522655483186803
2024-10-02,TRX,5,-0.0019553563584316,0.0,0.0,mark,0.153,0.0,0.9504053490927454
2024-10-02,TRX,5,0.007474859206718342,0.0,0.0,mark,0.1553,0.0,0.9575361127921622
2024-10-02,TRX,5,-0.0029182944001732033,0.0,0.0,mark,0.1544,0.0,0.9547458139532601
2024-10-03,TRX,5,0.0003246758167187083,0.0,0.0,mark,0.1545,0.0,0.9550558471575825
2024-10-03,TRX,5,-0.0001647914707663464,0.00016477789339782172,0.0,funding,0.1545,0.0,0.9548984750670106
2024-10-03,TRX,5,0.010336050188811166,0.0,0.0,mark,0.1577,0.0,0.9648195376053297
2024-10-03,TRX,5,-0.01358809851803899,0.0,0.0,mark,0.1535,0.0,0.951798143023786
2024-10-03,TRX,5,0.013588098518038895,0.0,0.0,mark,0.1577,0.0,0.9648195376053297
2024-10-04,TRX,5,-0.00032138966473937834,0.0,0.0,mark,0.1576,0.0,0.9645095044010071
2024-10-04,TRX,5,-0.00016645048912663672,0.00016643663701257217,0.0,funding,0.1576,0.0,0.964348974682728
2024-10-04,TRX,5,0.0006427830196212597,0.0,0.0,mark,0.1578,0.0,0.9649690410913729
2024-10-04,TRX,5,-0.004830973977872377,0.0,0.0,mark,0.1563,0.0,0.9603185430265359
2024-10-04,TRX,5,0.0006454798925583705,0.0,0.0,mark,0.1565,0.0,0.9609386094351808
2024-10-05,TRX,5,0.0,0.0,0.0,mark,0.1565,0.0,0.9609386094351808
2024-10-05,TRX,5,-0.00016590289095222172,0.00016588912982856948,0.0,funding,0.1565,0.0,0.9607792001654429
2024-10-05,TRX,5,0.0003226372852604403,0.0,0.0,mark,0.1566,0.0,0.9610892333697654
2024-10-05,TRX,5,-0.010050479840287854,0.0,0.0,mark,0.1535,0.0,0.9514782040357689
2024-10-05,TRX,5,0.0,0.0,0.0,mark,0.1535,0.0,0.9514782040357689
2024-10-06,TRX,5,0.0,0.0,0.0,mark,0.1535,0.0,0.9514782040357689
2024-10-06,TRX,5,-0.00016434044235509986,0.00016432693920441193,0.0,funding,0.1535,0.0,0.95132185053478
2024-10-06,TRX,5,0.004227715255793701,0.0,0.0,mark,0.1548,0.0,0.9553522821909721
2024-10-06,TRX,5,-0.005532154790717572,0.0,0.0,mark,0.1531,0.0,0.9500817177174902
2024-10-06,TRX,5,0.003908224988484845,0.0,0.0,mark,0.1543,0.0,0.9538021161693597
2024-10-07,TRX,5,0.0,0.0,0.0,mark,0.1543,0.0,0.9538021161693597
2024-10-07,TRX,5,-0.00016479447946957963,0.00016478090160516407,0.0,funding,0.1543,0.0,0.9536449477967044
2024-10-07,TRX,5,-0.0016268395305487574,0.0,0.0,mark,0.1538,0.0,0.952094781775092
2024-10-07,TRX,5,0.009399038920532529,0.0,0.0,mark,0.1567,0.0,0.9610857447004436
2024-10-07,TRX,5,-0.0025840270393224975,0.0,0.0,mark,0.1559,0.0,0.9586054790658639
2024-10-08,TRX,5,-0.00032347337621281986,0.0,0.0,mark,0.1558,0.0,0.9582954458615414
2024-10-08,TRX,5,-0.00016561635498301113,0.00016560264135150035,0.0,funding,0.1558,0.0,0.9581367496045116
2024-10-08,TRX,5,0.014774957865607539,0.0,0.0,mark,0.1604,0.0,0.9723982770033451
2024-10-08,TRX,5,-0.015422325933007542,0.0,0.0,mark,0.1556,0.0,0.9575166831958666
2024-10-08,TRX,5,0.014146177762497597,0.0,0.0,mark,0.16,0.0,0.9711581441860553
2024-10-09,TRX,5,0.0,0.0,0.0,mark,0.16,0.0,0.9711581441860553
2024-10-09,TRX,5,-0.00016782849477725147,0.0001678144123632234,0.0,funding,0.16,0.0,0.9709951698527769
2024-10-09,TRX,5,0.006365582237338233,0.0,0.0,mark,0.162,0.0,0.9771958339392263
2024-10-09,TRX,5,-0.00828318534771758,0.0,0.0,mark,0.1594,0.0,0.969134970626842
2024-10-09,TRX,5,0.0035128015081121963,0.0,0.0,mark,0.1605,0.0,0.9725453358743892
2024-10-10,TRX,5,0.0,0.0,0.0,mark,0.1605,0.0,0.9725453358743892
2024-10-10,TRX,5,-0.00016811285219665132,0.00016809872202291996,0.0,funding,0.1605,0.0,0.9723818522463193
2024-10-10,TRX,5,-0.005755632940523735,0.0,0.0,mark,0.1587,0.0,0.9668012545685148
2024-10-10,TRX,5,0.006393107601223568,0.0,0.0,mark,0.1607,0.0,0.9730019186549642
2024-10-10,TRX,5,-0.006072479651209783,0.0,0.0,mark,0.1588,0.0,0.9671112877728373
2024-10-11,TRX,5,0.00032052518068147136,0.0,0.0,mark,0.1589,0.0,0.9674213209771598
2024-10-11,TRX,5,-0.00016731843941679962,0.00016730444246728995,0.0,funding,0.1589,0.0,0.9672594670924227
2024-10-11,TRX,5,-0.002888915894769792,0.0,0.0,mark,0.158,0.0,0.9644691682535205
2024-10-11,TRX,5,0.011188095768507609,0.0,0.0,mark,0.1615,0.0,0.9753203304048069
2024-10-11,TRX,5,-0.005418585778806191,0.0,0.0,mark,0.1598,0.0,0.9700497659313249
2024-10-12,TRX,5,-0.0003196565474519558,0.0,0.0,mark,0.1597,0.0,0.9697397327270024
2024-10-12,TRX,5,-0.00016775882832757334,0.00016774475760212917,0.0,funding,0.1597,0.0,0.969577063970599
2024-10-12,TRX,5,0.01365606513760964,0.0,0.0,mark,0.164,0.0,0.9829084917564651
2024-10-12,TRX,5,-0.01589690290958331,0.0,0.0,mark,0.159,0.0,0.9674068315403416
2024-10-12,TRX,5,0.011154310359694592,0.0,0.0,mark,0.1625,0.0,0.978257993691628
2024-10-13,TRX,5,0.000316873553044267,0.0,0.0,mark,0.1626,0.0,0.9785680268959505
2024-10-13,TRX,5,-0.0001692643526497381,0.0001692500282473718,0.0,funding,0.1626,0.0,0.9784024042297563
2024-10-13,TRX,5,0.002847833937044901,0.0,0.0,mark,0.1635,0.0,0.9811927030686586
2024-10-13,TRX,5,-0.005068436548571641,0.0,0.0,mark,0.1619,0.0,0.9762321717994991
2024-10-13,TRX,5,0.0022206026115269106,0.0,0.0,mark,0.1626,0.0,0.9784024042297563
2024-10-14,TRX,5,0.0,0.0,0.0,mark,0.1626,0.0,0.9784024042297563
2024-10-14,TRX,5,-0.00016929300792120072,0.00016927867866851814,0.0,funding,0.1626,0.0,0.9782367815635622
2024-10-14,TRX,5,0.0018997780880607405,0.0,0.0,mark,0.1632,0.0,0.980096980789497
2024-10-14,TRX,5,-0.011453185964874331,0.0,0.0,mark,0.1596,0.0,0.968935785433888
2024-10-14,TRX,5,0.003194620875556472,0.0,0.0,mark,0.1606,0.0,0.9720361174771127
2024-10-15,TRX,5,-0.00031900322649805273,0.0,0.0,mark,0.1605,0.0,0.9717260842727903
2024-10-15,TRX,5,-0.0001682545982224506,0.00016824044421137705,0.0,funding,0.1605,0.0,0.9715626006447204
2024-10-15,TRX,5,0.00031905689621108897,0.0,0.0,mark,0.1606,0.0,0.9718726338490429
2024-10-15,TRX,5,-0.009294231960188309,0.0,0.0,mark,0.1577,0.0,0.9628816709236913
2024-10-15,TRX,5,0.0035355746219738857,0.0,0.0,mark,0.1588,0.0,0.9662920361712384
2024-10-16,TRX,5,-0.0003208998317042711,0.0,0.0,mark,0.1587,0.0,0.9659820029669159
2024-10-16,TRX,5,-0.00016735683825541461,0.0001673428348809427,0.0,funding,0.1587,0.0,0.9658203528000955
2024-10-16,TRX,5,0.005442249795926839,0.0,0.0,mark,0.1604,0.0,0.9710909172735774
2024-10-16,TRX,5,-0.006405728923283921,0.0,0.0,mark,0.1584,0.0,0.9648902531871281
2024-10-16,TRX,5,0.005447481553918405,0.0,0.0,mark,0.1601,0.0,0.97016081766061
2024-10-17,TRX,5,-0.00031961995136879775,0.0,0.0,mark,0.16,0.0,0.9698507844562876
2024-10-17,TRX,5,-0.00016805474675006624,0.0001680406263420277,0.0,funding,0.16,0.0,0.9696878101230092
2024-10-17,TRX,5,0.0015973473712251206,0.0,0.0,mark,0.1605,0.0,0.9712379761446216
2024-10-17,TRX,5,-0.00479971710826638,0.0,0.0,mark,0.159,0.0,0.9665874780797845
2024-10-17,TRX,5,0.0012821787777121953,0.0,0.0,mark,0.1594,0.0,0.9678276108970744
2024-10-18,TRX,5,-0.00032039060401463837,0.0,0.0,mark,0.1593,0.0,0.9675175776927519
2024-10-18,TRX,5,-0.00016772297699596276,0.00016770891228373833,0.0,funding,0.1593,0.0,0.9673553163721816
2024-10-18,TRX,5,0.0006407860218754494,0.0,0.0,mark,0.1595,0.0,0.9679753827808266
2024-10-18,TRX,5,-0.004172467604142429,0.0,0.0,mark,0.1582,0.0,0.9639449511246345
2024-10-18,TRX,5,0.000964423517135776,0.0,0.0,mark,0.1585,0.0,0.9648750507376019
2024-10-19,TRX,5,0.0,0.0,0.0,mark,0.1585,0.0,0.9648750507376019
2024-10-19,TRX,5,-0.00016733768501388377,0.00016732368484441453,0.0,funding,0.1585,0.0,0.9647136042886981
2024-10-19,TRX,5,0.0006425401470881931,0.0,0.0,mark,0.1587,0.0,0.9653336706973431
2024-10-19,TRX,5,-0.007090751450329792,0.0,0.0,mark,0.1565,0.0,0.9585129402022488
2024-10-19,TRX,5,0.000646695424966668,0.0,0.0,mark,0.1567,0.0,0.9591330066108937
2024-10-20,TRX,5,0.0,0.0,0.0,mark,0.1567,0.0,0.9591330066108937
2024-10-20,TRX,5,-0.00016642766845819767,0.00016641382014207786,0.0,funding,0.1567,0.0,0.9589733936232393
2024-10-20,TRX,5,0.0009694209067577335,0.0,0.0,mark,0.157,0.0,0.9599034932362067
2024-10-20,TRX,5,-0.0029110866143387147,0.0,0.0,mark,0.1561,0.0,0.9571131943973045
2024-10-20,TRX,5,0.001941665707580984,0.0,0.0,mark,0.1567,0.0,0.9589733936232393
2024-10-21,TRX,5,0.0003232447331521906,0.0,0.0,mark,0.1568,0.0,0.9592834268275617
2024-10-21,TRX,5,-0.00016650776965002875,0.0001664939080006482,0.0,funding,0.1568,0.0,0.9591237119809489
2024-10-21,TRX,5,0.006122896712667484,0.0,0.0,mark,0.1587,0.0,0.9650143428630759
2024-10-21,TRX,5,-0.010009395137925906,0.0,0.0,mark,0.1556,0.0,0.9554033135290793
2024-10-21,TRX,5,0.009045110894773606,0.0,0.0,mark,0.1584,0.0,0.9640842432501084
2024-10-22,TRX,5,-0.0003216348238276503,0.0,0.0,mark,0.1583,0.0,0.9637742100457859
2024-10-22,TRX,5,-0.0001673174266773365,0.00016730342989733967,0.0,funding,0.1583,0.0,0.9636129673147986
2024-10-22,TRX,5,-0.002577241292079179,0.0,0.0,mark,0.1575,0.0,0.9611327016802189
2024-10-22,TRX,5,0.010269350192126863,0.0,0.0,mark,0.1607,0.0,0.971053764218538
2024-10-22,TRX,5,-0.0012779162438993695,0.0,0.0,mark,0.1603,0.0,0.969813631401248
2024-10-23,TRX,5,0.0,0.0,0.0,mark,0.1603,0.0,0.969813631401248
2024-10-23,TRX,5,-0.0001683763266337946,0.0001683621521356853,0.0,funding,0.1603,0.0,0.9696503514910948
2024-10-23,TRX,5,0.001278131295396807,0.0,0.0,mark,0.1607,0.0,0.9708904843083848
2024-10-23,TRX,5,-0.004480624941715262,0.0,0.0,mark,0.1593,0.0,0.9665500194478701
2024-10-23,TRX,5,0.003202493646318418,0.0,0.0,mark,0.1603,0.0,0.9696503514910948
2024-10-24,TRX,5,0.0,0.0,0.0,mark,0.1603,0.0,0.9696503514910948
2024-10-24,TRX,5,-0.00016840468199559952,0.00016839050272312296,0.0,funding,0.1603,0.0,0.9694870715809416
2024-10-24,TRX,5,0.01491834137711138,0.0,0.0,mark,0.165,0.0,0.9840586321840977
2024-10-24,TRX,5,-0.01491834137711148,0.0,0.0,mark,0.1603,0.0,0.9694870715809416
2024-10-24,TRX,5,0.013657324141482956,0.0,0.0,mark,0.1646,0.0,0.9828184993668078
2024-10-25,TRX,5,0.0003154034181552985,0.0,0.0,mark,0.1647,0.0,0.9831285325711303
2024-10-25,TRX,5,-0.00017065522347557414,0.0001706406627011967,0.0,funding,0.1647,0.0,0.9829607708668119
2024-10-25,TRX,5,0.006601718232017217,0.0,0.0,mark,0.1668,0.0,0.9894714681575837
2024-10-25,TRX,5,-0.014518158346996737,0.0,0.0,mark,0.1622,0.0,0.9752099407587501
2024-10-25,TRX,5,0.001270849405212316,0.0,0.0,mark,0.1626,0.0,0.97645007357604
2024-10-26,TRX,5,-0.0003175609716686111,0.0,0.0,mark,0.1625,0.0,0.9761400403717175
2024-10-26,TRX,5,-0.00016958103897134723,0.00016956666091966132,0.0,funding,0.1625,0.0,0.9759745195644817
2024-10-26,TRX,5,-0.00031771573122830375,0.0,0.0,mark,0.1624,0.0,0.9756644863601591
2024-10-26,TRX,5,0.009487834063067814,0.0,0.0,mark,0.1654,0.0,0.9849654824898332
2024-10-26,TRX,5,-0.0006297293429756919,0.0,0.0,mark,0.1652,0.0,0.9843454160811883
2024-10-27,TRX,5,-0.00031501344358822697,0.0,0.0,mark,0.1651,0.0,0.9840353828768658
2024-10-27,TRX,5,-0.00017091205718243224,0.00017089745254884997,0.0,funding,0.1651,0.0,0.9838672137367142
2024-10-27,TRX,5,0.0037742714866259787,0.0,0.0,mark,0.1663,0.0,0.9875876121885838
2024-10-27,TRX,5,-0.007246579075449829,0.0,0.0,mark,0.164,0.0,0.980456848489167
2024-10-27,TRX,5,0.0,0.0,0.0,mark,0.164,0.0,0.980456848489167
2024-10-28,TRX,5,0.00031616301815415093,0.0,0.0,mark,0.1641,0.0,0.9807668816934895
2024-10-28,TRX,5,-0.00017044294511726592,0.00017042842054370782,0.0,funding,0.1641,0.0,0.9805997311429209
2024-10-28,TRX,5,0.0012638686922778742,0.0,0.0,mark,0.1645,0.0,0.9818398639602108
2024-10-28,TRX,5,-0.0044305466057144366,0.0,0.0,mark,0.1631,0.0,0.9774993990996962
2024-10-28,TRX,5,0.0034827948709299336,0.0,0.0,mark,0.1642,0.0,0.9809097643472434
2024-10-29,TRX,5,0.0,0.0,0.0,mark,0.1642,0.0,0.9809097643472434
2024-10-29,TRX,5,-0.0001705219747190288,0.00017050743667354333,0.0,funding,0.1642,0.0,0.9807425119377166
2024-10-29,TRX,5,-0.0006324417466402558,0.0,0.0,mark,0.164,0.0,0.9801224455290716
2024-10-29,TRX,5,0.009758181295983876,0.0,0.0,mark,0.1671,0.0,0.9897334748630681
2024-10-29,TRX,5,-0.0025091387370531717,0.0,0.0,mark,0.1663,0.0,0.9872532092284884
2024-10-30,TRX,5,-0.0003140854771969541,0.0,0.0,mark,0.1662,0.0,0.9869431760241658
2024-10-30,TRX,5,-0.00017154392828428182,0.00017152921546592873,0.0,funding,0.1662,0.0,0.9867738864354729
2024-10-30,TRX,5,0.011247304459618449,0.0,0.0,mark,0.1698,0.0,0.9979350817910819
2024-10-30,TRX,5,-0.012190315053614677,0.0,0.0,mark,0.1659,0.0,0.9858437868225055
2024-10-30,TRX,5,0.01032452722022866,0.0,0.0,mark,0.1692,0.0,0.996074882565147
2024-10-31,TRX,5,0.0003112064866592748,0.0,0.0,mark,0.1693,0.0,0.9963849157694695
2024-10-31,TRX,5,-0.00017308786831450555,0.00017307288947361344,0.0,funding,0.1693,0.0,0.9962124685530693
2024-10-31,TRX,5,-0.004991829343236402,0.0,0.0,mark,0.1677,0.0,0.9912519372839097
2024-10-31,TRX,5,0.008719416401631102,0.0,0.0,mark,0.1705,0.0,0.9999328670049389
2024-10-31,TRX,5,-0.00653242430291689,0.0,0.0,mark,0.1684,0.0,0.993422169714167
2024-11-01,TRX,5,0.0,0.0,0.0,mark,0.1684,0.0,0.993422169714167
2024-11-01,TRX,5,-0.00017268116363158094,0.00017266625509757658,0.0,funding,0.1684,0.0,0.9932506392283915
2024-11-01,TRX,5,0.001247780995212896,0.0,0.0,mark,0.1688,0.0,0.9944907720456815
2024-11-01,TRX,5,-0.007510147734736699,0.0,0.0,mark,0.1664,0.0,0.9870499751419421
2024-11-01,TRX,5,0.003136085516399056,0.0,0.0,mark,0.1674,0.0,0.9901503071851668
2024-11-02,TRX,5,-0.00031316634513850933,0.0,0.0,mark,0.1673,0.0,0.9898402739808444
2024-11-02,TRX,5,-0.000172173947877686,0.00017215912679409081,0.0,funding,0.1673,0.0,0.9896698639436102
2024-11-02,TRX,5,0.0012522928299567519,0.0,0.0,mark,0.1677,0.0,0.9909099967609001
2024-11-02,TRX,5,-0.0056477090002842265,0.0,0.0,mark,0.1659,0.0,0.9853293990830956
2024-11-02,TRX,5,0.0006291006718919964,0.0,0.0,mark,0.1661,0.0,0.9859494654917406
2024-11-03,TRX,5,0.00031440198529275446,0.0,0.0,mark,0.1662,0.0,0.986259498696063
2024-11-03,TRX,5,-0.00017166285313284141,0.00017164811990829544,0.0,funding,0.1662,0.0,0.9860902091073701
2024-11-03,TRX,5,-0.00947696087419929,0.0,0.0,mark,0.1632,0.0,0.976789212977696
2024-11-03,TRX,5,0.009791317992280597,0.0,0.0,mark,0.1663,0.0,0.9864002423116925
2024-11-03,TRX,5,-0.0037788233247771546,0.0,0.0,mark,0.1651,0.0,0.9826798438598229
2024-11-04,TRX,5,0.0,0.0,0.0,mark,0.1651,0.0,0.9826798438598229
2024-11-04,TRX,5,-0.0001711478387446657,0.00017113319378877739,0.0,funding,0.1651,0.0,0.9825116747196713
2024-11-04,TRX,5,0.0018915199955005313,0.0,0.0,mark,0.1657,0.0,0.9843718739456061
2024-11-04,TRX,5,-0.009493582783143295,0.0,0.0,mark,0.1627,0.0,0.975070877815932
2024-11-04,TRX,5,0.0006357172080380943,0.0,0.0,mark,0.1629,0.0,0.9756909442245769
2024-11-05,TRX,5,0.0,0.0,0.0,mark,0.1629,0.0,0.9756909442245769
2024-11-05,TRX,5,-0.000170076759162491,0.0001700622969303888,0.0,funding,0.1629,0.0,0.9755250159815079
2024-11-05,TRX,5,0.0009529806869575857,0.0,0.0,mark,0.1632,0.0,0.9764551155944754
2024-11-05,TRX,5,-0.010853995176750031,0.0,0.0,mark,0.1598,0.0,0.9659139866475114
2024-11-05,TRX,5,0.0012830722140641584,0.0,0.0,mark,0.1602,0.0,0.9671541194648013
2024-11-06,TRX,5,-0.00032061374830698677,0.0,0.0,mark,0.1601,0.0,0.9668440862604788
2024-11-06,TRX,5,-0.0001686827783440408,0.00016866855220408911,0.0,funding,0.1601,0.0,0.9666810100682421
2024-11-06,TRX,5,0.012747178230187823,0.0,0.0,mark,0.1641,0.0,0.979082338241141
2024-11-06,TRX,5,-0.013067948917242965,0.0,0.0,mark,0.16,0.0,0.9663709768639197
2024-11-06,TRX,5,0.007988559805219567,0.0,0.0,mark,0.1625,0.0,0.9741218069719815
2024-11-07,TRX,5,0.0,0.0,0.0,mark,0.1625,0.0,0.9741218069719815
2024-11-07,TRX,5,-0.00016993241515039534,0.0001699179774553352,0.0,funding,0.1625,0.0,0.9739562861647456
2024-11-07,TRX,5,-0.009274255674639095,0.0,0.0,mark,0.1596,0.0,0.964965323239394
2024-11-07,TRX,5,0.010546739848251703,0.0,0.0,mark,0.1629,0.0,0.9751964189820355
2024-11-07,TRX,5,-0.008941581418079778,0.0,0.0,mark,0.1601,0.0,0.9665154892610063
2024-11-08,TRX,5,0.0,0.0,0.0,mark,0.1601,0.0,0.9665154892610063
2024-11-08,TRX,5,-0.0001687401321394749,0.00016872589632404937,0.0,funding,0.1601,0.0,0.9663524130687696
2024-11-08,TRX,5,0.005758298575999985,0.0,0.0,mark,0.1619,0.0,0.9719330107465741
2024-11-08,TRX,5,-0.006079178354931616,0.0,0.0,mark,0.16,0.0,0.9660423798644472
2024-11-08,TRX,5,0.002884218038631811,0.0,0.0,mark,0.1609,0.0,0.9688326787033493
2024-11-09,TRX,5,0.00031995577288484686,0.0,0.0,mark,0.161,0.0,0.9691427119076719
2024-11-09,TRX,5,-0.0001692287393748964,0.0001692144209994888,0.0,funding,0.161,0.0,0.9689787189848106
2024-11-09,TRX,5,0.003832152723837298,0.0,0.0,mark,0.1622,0.0,0.9726991174366802
2024-11-09,TRX,5,-0.007679047353518069,0.0,0.0,mark,0.1598,0.0,0.9652583205329409
2024-11-09,TRX,5,0.007360261596983288,0.0,0.0,mark,0.1621,0.0,0.9723890842323577
2024-11-10,TRX,5,0.0,0.0,0.0,mark,0.1621,0.0,0.9723890842323577
2024-11-10,TRX,5,-0.000169816171260249,0.0001698017533104731,0.0,funding,0.1621,0.0,0.9722239708609551
2024-11-10,TRX,5,0.01487665572171092,0.0,0.0,mark,0.1668,0.0,0.9867955314641113
2024-11-10,TRX,5,-0.01775079861703265,0.0,0.0,mark,0.1612,0.0,0.969433672022053
2024-11-10,TRX,5,0.008597764678287306,0.0,0.0,mark,0.1639,0.0,0.9778045685387596
2024-11-11,TRX,5,0.0003170204695875826,0.0,0.0,mark,0.164,0.0,0.9781146017430822
2024-11-11,TRX,5,-0.00017080100609996653,0.0001707864204384693,0.0,funding,0.164,0.0,0.9779475530514719
2024-11-11,TRX,5,0.011974939315810739,0.0,0.0,mark,0.1678,0.0,0.9897288148157257
2024-11-11,TRX,5,-0.012926464974894858,0.0,0.0,mark,0.1637,0.0,0.9770174534385044
2024-11-11,TRX,5,0.012613165241799507,0.0,0.0,mark,0.1677,0.0,0.9894187816114032
2024-11-12,TRX,5,0.0,0.0,0.0,mark,0.1677,0.0,0.9894187816114032
2024-11-12,TRX,5,-0.00017265916441825622,0.00017264425968260084,0.0,funding,0.1677,0.0,0.9892479641383358
2024-11-12,TRX,5,0.06843317161071522,0.0,0.0,mark,0.1903,0.0,1.059315468315214
2024-11-12,TRX,5,-0.07882932127652112,0.0,0.0,mark,0.1644,0.0,0.9790168683956942
2024-11-12,TRX,5,0.07001035347782414,0.0,0.0,mark,0.1873,0.0,1.0500144721855398
2024-11-13,TRX,5,0.00029522206642285673,0.0,0.0,mark,0.1874,0.0,1.0503245053898622
2024-11-13,TRX,5,-0.00018175433817589013,0.0001817378218566887,0.0,funding,0.1874,0.0,1.0501336217020099
2024-11-13,TRX,5,0.014071671086160144,0.0,0.0,mark,0.1922,0.0,1.0650152155094883
2024-11-13,TRX,5,-0.0559747377813624,0.0,0.0,mark,0.1735,0.0,1.0070390063011863
2024-11-13,TRX,5,0.010717674630616023,0.0,0.0,mark,0.177,0.0,1.0178901684524728
2024-11-14,TRX,5,0.0,0.0,0.0,mark,0.177,0.0,1.0178901684524728
2024-11-14,TRX,5,-0.0001771373084474212,0.0001771216205607583,0.0,funding,0.177,0.0,1.0177098780962837
2024-11-14,TRX,5,-0.0033566463470235553,0.0,0.0,mark,0.1759,0.0,1.0142995128487364
2024-11-14,TRX,5,0.027435458947695706,0.0,0.0,mark,0.185,0.0,1.0425125344420811
2024-11-14,TRX,5,-0.02560316433814242,0.0,0.0,mark,0.1765,0.0,1.0161597120746713
2024-11-15,TRX,5,-0.0003051493837673501,0.0,0.0,mark,0.1764,0.0,1.0158496788703488
2024-11-15,TRX,5,-0.00017689142252083205,0.00017687577815566117,0.0,funding,0.1764,0.0,1.0156699996679095
2024-11-15,TRX,5,0.04477018122067255,0.0,0.0,mark,0.1914,0.0,1.0621749803162799
2024-11-15,TRX,5,-0.045686350589382155,0.0,0.0,mark,0.1761,0.0,1.014739900054942
2024-11-15,TRX,5,0.045102409639122085,0.0,0.0,mark,0.1912,0.0,1.061554913907635
2024-11-16,TRX,5,0.0,0.0,0.0,mark,0.1912,0.0,1.061554913907635
2024-11-16,TRX,5,-0.0001834782099824039,0.00018346137888497726,0.0,funding,0.1912,0.0,1.0613601595793674
2024-11-16,TRX,5,0.03867706487512676,0.0,0.0,mark,0.2047,0.0,1.1032146421629008
2024-11-16,TRX,5,-0.04659528327714232,0.0,0.0,mark,0.1885,0.0,1.0529892630626607
2024-11-16,TRX,5,0.03386842002622275,0.0,0.0,mark,0.2002,0.0,1.0892631479683896
2024-11-17,TRX,5,-0.0002846670569130423,0.0,0.0,mark,0.2001,0.0,1.0889531147640672
2024-11-17,TRX,5,-0.00018718790523320473,0.0001871703866703071,0.0,funding,0.2001,0.0,1.088749294988511
2024-11-17,TRX,5,0.003411305402587244,0.0,0.0,mark,0.2013,0.0,1.0924696934403806
2024-11-17,TRX,5,-0.025581853308742887,0.0,0.0,mark,0.1924,0.0,1.0648767382556807
2024-11-17,TRX,5,0.019889862100506604,0.0,0.0,mark,0.1993,0.0,1.0862690293539312
2024-11-18,TRX,5,0.0,0.0,0.0,mark,0.1993,0.0,1.0862690293539312
2024-11-18,TRX,5,-0.00018690017833606,0.0001868827135857617,0.0,funding,0.1993,0.0,1.0860660244500413
2024-11-18,TRX,5,0.021463302200272535,0.0,0.0,mark,0.2069,0.0,1.109628547978549
2024-11-18,TRX,5,-0.021463302200272434,0.0,0.0,mark,0.1993,0.0,1.0860660244500413
2024-11-18,TRX,5,0.008244389521203994,0.0,0.0,mark,0.2022,0.0,1.0950569873753928
2024-11-19,TRX,5,-0.00028316069809883446,0.0,0.0,mark,0.2021,0.0,1.0947469541710704
2024-11-19,TRX,5,-0.00018805835549920433,0.0001880406736350114,0.0,funding,0.2021,0.0,1.094541097216348
2024-11-19,TRX,5,0.012945530402022957,0.0,0.0,mark,0.2067,0.0,1.1088026246151816
2024-11-19,TRX,5,-0.023481236595124355,0.0,0.0,mark,0.1984,0.0,1.0830698686564166
2024-11-19,TRX,5,0.003143848166920833,0.0,0.0,mark,0.1995,0.0,1.0864802339039639
2024-11-20,TRX,5,-0.00028539630811190366,0.0,0.0,mark,0.1994,0.0,1.0861702006996414
2024-11-20,TRX,5,-0.000187010981250204,0.00018699349578666825,0.0,funding,0.1994,0.0,1.0859670939367934
2024-11-20,TRX,5,0.0008561047048642726,0.0,0.0,mark,0.1997,0.0,1.0868971935497607
2024-11-20,TRX,5,-0.018424443962095187,0.0,0.0,mark,0.1933,0.0,1.0670550684731226
2024-11-20,TRX,5,0.004059453903166151,0.0,0.0,mark,0.1947,0.0,1.0713955333336371
2024-11-21,TRX,5,0.00028933138665632635,0.0,0.0,mark,0.1948,0.0,1.0717055665379596
2024-11-21,TRX,5,-0.00018516244350222,0.00018514530199498845,0.0,funding,0.1948,0.0,1.0715071452871932
2024-11-21,TRX,5,0.018916592650373334,0.0,0.0,mark,0.2014,0.0,1.091969336772476
2024-11-21,TRX,5,-0.023847562708545295,0.0,0.0,mark,0.1931,0.0,1.066236580813711
2024-11-21,TRX,5,0.015579764731355512,0.0,0.0,mark,0.1985,0.0,1.0829783738471246
2024-11-22,TRX,5,0.0,0.0,0.0,mark,0.1985,0.0,1.0829783738471246
2024-11-22,TRX,5,-0.00018671555564381216,0.00018669812537917209,0.0,funding,0.1985,0.0,1.082776183814901
2024-11-22,TRX,5,0.017878130096195582,0.0,0.0,mark,0.2048,0.0,1.1023082756872167
2024-11-22,TRX,5,-0.02275765546492617,0.0,0.0,mark,0.1968,0.0,1.077505619341419
2024-11-22,TRX,5,0.022757655464926307,0.0,0.0,mark,0.2048,0.0,1.1023082756872167
2024-11-23,TRX,5,0.0,0.0,0.0,mark,0.2048,0.0,1.1023082756872167
2024-11-23,TRX,5,-0.00018926365037401303,0.00018924574113917834,0.0,funding,0.2048,0.0,1.1020996685406204
2024-11-23,TRX,5,0.05473652628009567,0.0,0.0,mark,0.2248,0.0,1.1641063094051143
2024-11-23,TRX,5,-0.05501787725886047,0.0,0.0,mark,0.2047,0.0,1.101789635336298
2024-11-23,TRX,5,0.02033337956094744,0.0,0.0,mark,0.212,0.0,1.1244220592518381
2024-11-24,TRX,5,0.00027568871262175485,0.0,0.0,mark,0.2121,0.0,1.1247320924561606
2024-11-24,TRX,5,-0.00019210228269304628,0.00019208383223093834,0.0,funding,0.2121,0.0,1.1245160496056084
2024-11-24,TRX,5,0.01369103224220144,0.0,0.0,mark,0.2171,0.0,1.1400177098217317
2024-11-24,TRX,5,-0.04505664140156444,0.0,0.0,mark,0.2009,0.0,1.0897923307214916
2024-11-24,TRX,5,0.0213906924828268,0.0,0.0,mark,0.2085,0.0,1.1133548542499994
2024-11-25,TRX,5,0.0002784287902972608,0.0,0.0,mark,0.2086,0.0,1.1136648874543218
2024-11-25,TRX,5,-0.0001908096964007406,0.00019079149338840288,0.0,funding,0.2086,0.0,1.1134524096673102
2024-11-25,TRX,5,-0.04121192239866121,0.0,0.0,mark,0.1941,0.0,1.068497595040552
2024-11-25,TRX,5,0.05146161122770625,0.0,0.0,mark,0.2123,0.0,1.1249236382272414
2024-11-25,TRX,5,-0.046252357646643906,0.0,0.0,mark,0.1959,0.0,1.0740781927183563
2024-11-26,TRX,5,0.0,0.0,0.0,mark,0.1959,0.0,1.0740781927183563
2024-11-26,TRX,5,-0.00018579674956092153,0.00018577949041368623,0.0,funding,0.1959,0.0,1.0738786510190486
2024-11-26,TRX,5,0.014332010943578806,0.0,0.0,mark,0.2009,0.0,1.089380311235172
2024-11-26,TRX,5,-0.04243893229326877,0.0,0.0,mark,0.1863,0.0,1.0441154634040914
2024-11-26,TRX,5,0.023766955319368607,0.0,0.0,mark,0.1944,0.0,1.0692281529542116
2024-11-27,TRX,5,0.0,0.0,0.0,mark,0.1944,0.0,1.0692281529542116
2024-11-27,TRX,5,-0.00018521038008484998,0.0001851932297013363,0.0,funding,0.1944,0.0,1.0690301391392785
2024-11-27,TRX,5,0.022368993457250963,0.0,0.0,mark,0.2022,0.0,1.093212729076431
2024-11-27,TRX,5,-0.025273342298107775,0.0,0.0,mark,0.1934,0.0,1.0659298070960537
2024-11-27,TRX,5,0.02214888563903316,0.0,0.0,mark,0.2011,0.0,1.0898023638288838
2024-11-28,TRX,5,0.0,0.0,0.0,mark,0.2011,0.0,1.0898023638288838
2024-11-28,TRX,5,-0.00018797685248005198,0.00018795918593857836,0.0,funding,0.2011,0.0,1.0895975254637447
2024-11-28,TRX,5,-0.009721433057513017,0.0,0.0,mark,0.1977,0.0,1.0790563965167805
2024-11-28,TRX,5,0.01680973151789728,0.0,0.0,mark,0.2036,0.0,1.0973483555718062
2024-11-28,TRX,5,-0.00113075678058186,0.0,0.0,mark,0.2032,0.0,1.0961082227545162
2024-11-29,TRX,5,0.0,0.0,0.0,mark,0.2032,0.0,1.0961082227545162
2024-11-29,TRX,5,-0.00018884718053487434,0.00018882935002837597,0.0,funding,0.2032,0.0,1.0959012453512527
2024-11-29,TRX,5,0.011252551983649734,0.0,0.0,mark,0.2072,0.0,1.1083025735241514
2024-11-29,TRX,5,-0.017780570755900508,0.0,0.0,mark,0.2009,0.0,1.0887704816518358
2024-11-29,TRX,5,0.00991709937008706,0.0,0.0,mark,0.2044,0.0,1.0996216438031223
2024-11-30,TRX,5,0.0002819056064177781,0.0,0.0,mark,0.2045,0.0,1.0999316770074448
2024-11-30,TRX,5,-0.00018939475997612504,0.00018937682592077063,0.0,funding,0.2045,0.0,1.0997233754377234
2024-11-30,TRX,5,-0.0053708633105933245,0.0,0.0,mark,0.2026,0.0,1.0938327445555964
2024-11-30,TRX,5,0.012953859703779259,0.0,0.0,mark,0.2072,0.0,1.10809427195443
2024-11-30,TRX,5,-0.006455954688389546,0.0,0.0,mark,0.2049,0.0,1.100963508255013
2024-12-01,TRX,5,0.0,0.0,0.0,mark,0.2049,0.0,1.100963508255013
2024-12-01,TRX,5,-0.00018958738315275395,0.00018956941260057944,0.0,funding,0.2049,0.0,1.1007547992494586
2024-12-01,TRX,5,0.01315093587778915,0.0,0.0,mark,0.2096,0.0,1.1153263598526146
2024-12-01,TRX,5,-0.020500913537918462,0.0,0.0,mark,0.2023,0.0,1.0926939359370744
2024-12-01,TRX,5,0.01380715248853639,0.0,0.0,mark,0.2072,0.0,1.1078855629488753
2024-12-02,TRX,5,0.0,0.0,0.0,mark,0.2072,0.0,1.1078855629488753
2024-12-02,TRX,5,-0.0008411117336431936,0.0008407580983248286,0.5798331712585024,rotation,0.2072,-3.100332043224699,1.1069540991898088
2024-12-02,XRP,6,-0.0004444098908877622,0.00044431115543907326,0.30642148650970563,entry,2.2937,0.14788094370307947,1.1064622671349797
2024-12-02,XRP,6,-0.00010072217900671729,0.0001007171066982239,0.0,funding,2.2937,0.0,1.106350827456763
2024-12-02,XRP,6,-0.012454664239527456,0.0,0.0,mark,2.2011,0.0,1.092657052069858
2024-12-02,XRP,6,0.08694864807297403,0.0,0.0,mark,2.8723,0.0,1.1919147414833648
2024-12-02,XRP,6,-0.01850777323868854,0.0,0.0,mark,2.7245,0.0,1.1700579380040497
2024-12-03,XRP,6,-1.2638850899799874e-05,0.0,0.0,mark,2.7244,0.0,1.1700431499096795
2024-12-03,XRP,6,-0.00011313495143975007,0.00011312855192242178,0.0,funding,2.7244,0.0,1.1699107846224435
2024-12-03,XRP,6,-0.06183909738553633,0.0,0.0,mark,2.25,0.0,1.0997560649297025
2024-12-03,XRP,6,0.08492982928655418,0.0,0.0,mark,2.9092,0.0,1.1972391830187723
2024-12-03,XRP,6,-0.05053968376520156,0.0,0.0,mark,2.5102,0.0,1.1382346864812436
2024-12-04,XRP,6,1.299204679165508e-05,0.0,0.0,mark,2.5103,0.0,1.1382494745756138
2024-12-04,XRP,6,-0.00010715555023641371,0.00010714980928544034,0.0,funding,2.5103,0.0,1.1381275113614937
2024-12-04,XRP,6,0.0218101430526621,0.0,0.0,mark,2.68,0.0,1.1632229075079064
2024-12-04,XRP,6,-0.05219068941986812,0.0,0.0,mark,2.28,0.0,1.1040705300266744
2024-12-04,XRP,6,0.010313708155131008,0.0,0.0,mark,2.3574,0.0,1.115516515069293
2024-12-05,XRP,6,0.0,0.0,0.0,mark,2.3574,0.0,1.115516515069293
2024-12-05,XRP,6,-0.00010267927794543302,0.00010267400660880573,0.0,funding,2.3574,0.0,1.1154019805192525
2024-12-05,XRP,6,0.01797454600747268,0.0,0.0,mark,2.4942,0.0,1.135632093617834
2024-12-05,XRP,6,-0.04254960815704964,0.0,0.0,mark,2.1743,0.0,1.0883249797272188
2024-12-05,XRP,6,0.009506986768973588,0.0,0.0,mark,2.2446,0.0,1.0987210100695453
2024-12-06,XRP,6,-1.3459462188279825e-05,0.0,0.0,mark,2.2445,0.0,1.0987062219751749
2024-12-06,XRP,6,-9.925738149248748e-05,9.925245564170474e-05,0.0,funding,2.2445,0.0,1.098597172684615
2024-12-06,XRP,6,0.029079336088100163,0.0,0.0,mark,2.4637,0.0,1.1310126755443302
2024-12-06,XRP,6,-0.031680668157572985,0.0,0.0,mark,2.2252,0.0,1.0957430704711457
2024-12-06,XRP,6,0.026699749130137514,0.0,0.0,mark,2.4257,0.0,1.125393199683613
2024-12-07,XRP,6,0.0,0.0,0.0,mark,2.4257,0.0,1.125393199683613
2024-12-07,XRP,6,-0.00010472702760832607,0.00010472154392467889,0.0,funding,2.4257,0.0,1.12527534677022
2024-12-07,XRP,6,0.02516261475916301,0.0,0.0,mark,2.6196,0.0,1.153949461754247
2024-12-07,XRP,6,-0.030657798034732557,0.0,0.0,mark,2.384,0.0,1.1191087114178013
2024-12-07,XRP,6,0.029413950273516645,0.0,0.0,mark,2.6099,0.0,1.152515016600327
2024-12-08,XRP,6,0.0,0.0,0.0,mark,2.6099,0.0,1.152515016600327
2024-12-08,XRP,6,-0.00011002829966917337,0.00011002224677775688,0.0,funding,2.6099,0.0,1.1523882143087556
2024-12-08,XRP,6,0.004736811885097789,0.0,0.0,mark,2.6469,0.0,1.1578598092257695
2024-12-08,XRP,6,-0.020985813914920666,0.0,0.0,mark,2.4843,0.0,1.1338143677796488
2024-12-08,XRP,6,0.015144792195745651,0.0,0.0,mark,2.6013,0.0,1.151116438192909
2024-12-09,XRP,6,0.0,0.0,0.0,mark,2.6013,0.0,1.151116438192909
2024-12-09,XRP,6,-0.00010979896903368456,0.00010979294134753076,0.0,funding,2.6013,0.0,1.1509900537333264
2024-12-09,XRP,6,0.00080910611807551,0.0,0.0,mark,2.6076,0.0,1.1519217036786558
2024-12-09,XRP,6,-0.08104540156131122,0.0,0.0,mark,2.0012,0.0,1.0622466994171083
2024-12-09,XRP,6,0.028978305214718232,0.0,0.0,mark,2.2124,0.0,1.0934791547271987
2024-12-10,XRP,6,0.0,0.0,0.0,mark,2.2124,0.0,1.0934791547271987
2024-12-10,XRP,6,-9.830547880560245e-05,9.830064698032309e-05,0.0,funding,2.2124,0.0,1.0933716650188294
2024-12-10,XRP,6,0.027691390421437603,0.0,0.0,mark,2.42,0.0,1.1240717489315888
2024-12-10,XRP,6,-0.07086280220761954,0.0,0.0,mark,1.9,0.0,1.0471736582059874
2024-12-10,XRP,6,0.06438233783169806,0.0,0.0,mark,2.3709,0.0,1.1168107945957675
2024-12-11,XRP,6,-1.3241448193194715e-05,0.0,0.0,mark,2.3708,0.0,1.1167960065013973
2024-12-11,XRP,6,-0.00010314464808374495,0.00010313932885734067,0.0,funding,2.3708,0.0,1.116680820910816
2024-12-11,XRP,6,0.013090629817388082,0.0,0.0,mark,2.4703,0.0,1.1313949748092724
2024-12-11,XRP,6,-0.031872181052319086,0.0,0.0,mark,2.2303,0.0,1.0959035483205333
2024-12-11,XRP,6,0.021862396655316738,0.0,0.0,mark,2.3941,0.0,1.1201264468990977
2024-12-12,XRP,6,1.3202078028602388e-05,0.0,0.0,mark,2.3942,0.0,1.120141234993468
2024-12-12,XRP,6,-0.00010385165627618766,0.00010384626387956312,0.0,funding,2.3942,0.0,1.1200249125111965
2024-12-12,XRP,6,0.011786880073779505,0.0,0.0,mark,2.484,0.0,1.133304621255733
2024-12-12,XRP,6,-0.02323344074625491,0.0,0.0,mark,2.308,0.0,1.107277575163991
2024-12-12,XRP,6,0.004051810782086458,0.0,0.0,mark,2.3384,0.0,1.1117731558525645
2024-12-13,XRP,6,1.330127098536229e-05,0.0,0.0,mark,2.3385,0.0,1.1117879439469347
2024-12-13,XRP,6,-0.00010219763376917818,0.00010219241176882627,0.0,funding,2.3385,0.0,1.1116743276555672
2024-12-13,XRP,6,0.018491440954855557,0.0,0.0,mark,2.4788,0.0,1.1324220240571092
2024-12-13,XRP,6,-0.02576773444721446,0.0,0.0,mark,2.284,0.0,1.1036148162237494
2024-12-13,XRP,6,0.018283209424613932,0.0,0.0,mark,2.4217,0.0,1.1239780221716633
2024-12-14,XRP,6,1.3156838298023379e-05,0.0,0.0,mark,2.4218,0.0,1.1239928102660337
2024-12-14,XRP,6,-0.000104688917496733,0.00010468343780326608,0.0,funding,2.4218,0.0,1.123875146834589
2024-12-14,XRP,6,0.014383164809222764,0.0,0.0,mark,2.5319,0.0,1.140156838736298
2024-12-14,XRP,6,-0.02323820173560116,0.0,0.0,mark,2.3548,0.0,1.1139671236064825
2024-12-14,XRP,6,0.00604842054421052,0.0,0.0,mark,2.4005,0.0,1.1207252827337133
2024-12-15,XRP,6,1.3195023823895723e-05,0.0,0.0,mark,2.4006,0.0,1.1207400708280835
2024-12-15,XRP,6,-0.00010407363793008399,0.000104068222456943,0.0,funding,2.4006,0.0,1.1206234374010762
2024-12-15,XRP,6,-0.004351038070938091,0.0,0.0,mark,2.3677,0.0,1.1157581543532449
2024-12-15,XRP,6,0.013859814525321014,0.0,0.0,mark,2.473,0.0,1.131330017725179
2024-12-15,XRP,6,-0.0034174745894717928,0.0,0.0,mark,2.4469,0.0,1.1274703250945286
2024-12-16,XRP,6,1.3116085683628344e-05,0.0,0.0,mark,2.447,0.0,1.127485113188899
2024-12-16,XRP,6,-0.00010545065602950298,0.00010544509630455484,0.0,funding,2.447,0.0,1.127366225412557
2024-12-16,XRP,6,0.018223509312163415,0.0,0.0,mark,2.5872,0.0,1.1480991337197286
2024-12-16,XRP,6,-0.03325031259770332,0.0,0.0,mark,2.3333,0.0,1.1105521621135166
2024-12-16,XRP,6,0.019881548945346123,0.0,0.0,mark,2.4841,0.0,1.132852608423941
2024-12-17,XRP,6,1.3053770402519448e-05,0.0,0.0,mark,2.4842,0.0,1.1328673965183111
2024-12-17,XRP,6,-0.00010654519041487475,0.0001065395146776555,0.0,funding,2.4842,0.0,1.132746701375692
2024-12-17,XRP,6,0.03134490578984133,0.0,0.0,mark,2.7281,0.0,1.1688148635448732
2024-12-17,XRP,6,-0.037118831415623194,0.0,0.0,mark,2.4401,0.0,1.1262251517583863
2024-12-17,XRP,6,0.01656426815030348,0.0,0.0,mark,2.5673,0.0,1.145035607797418
2024-12-18,XRP,6,-1.2915048024838906e-05,0.0,0.0,mark,2.5672,0.0,1.1450208197030478
2024-12-18,XRP,6,-0.00010893644799795728,0.00010893051463851594,0.0,funding,2.5672,0.0,1.1448960919958857
2024-12-18,XRP,6,0.0032110571025697186,0.0,0.0,mark,2.5921,0.0,1.1485783274940924
2024-12-18,XRP,6,-0.04534164051915853,0.0,0.0,mark,2.2478,0.0,1.097662918577122
2024-12-18,XRP,6,0.008384963831867698,0.0,0.0,mark,2.3103,0.0,1.1069054775585645
2024-12-19,XRP,6,-1.3359942157915121e-05,0.0,0.0,mark,2.3102,0.0,1.1068906894641943
2024-12-19,XRP,6,-0.00010140750557842174,0.00010140236401121116,0.0,funding,2.3102,0.0,1.1067784481315808
2024-12-19,XRP,6,-0.020341093547390717,0.0,0.0,mark,2.1595,0.0,1.0844927899155268
2024-12-19,XRP,6,0.0364448141272595,0.0,0.0,mark,2.4317,0.0,1.124745982791505
2024-12-19,XRP,6,-0.02566256817327102,0.0,0.0,mark,2.239,0.0,1.0962493249399214
2024-12-20,XRP,6,1.3489627123343226e-05,0.0,0.0,mark,2.2391,0.0,1.0962641130342918
2024-12-20,XRP,6,-9.923915933816121e-05,9.923423529562517e-05,0.0,funding,2.2391,0.0,1.0961553261033528
2024-12-20,XRP,6,0.015514942420210554,0.0,0.0,mark,2.355,0.0,1.1132947274785396
2024-12-20,XRP,6,-0.053881143369344735,0.0,0.0,mark,1.9601,0.0,1.0548965428101935
2024-12-20,XRP,6,0.04377487934960514,0.0,0.0,mark,2.2793,0.0,1.1021001400402164
2024-12-21,XRP,6,0.0,0.0,0.0,mark,2.2793,0.0,1.1021001400402164
2024-12-21,XRP,6,-0.00010048598357113748,0.00010048093502367337,0.0,funding,2.2793,0.0,1.1019893999876553
2024-12-21,XRP,6,0.014190553020669688,0.0,0.0,mark,2.3858,0.0,1.1177387204920333
2024-12-21,XRP,6,-0.026042793414822674,0.0,0.0,mark,2.1915,0.0,1.0890054531305249
2024-12-21,XRP,6,0.006294591365225892,0.0,0.0,mark,2.238,0.0,1.095881917012718
2024-12-22,XRP,6,-1.3494331751267553e-05,0.0,0.0,mark,2.2379,0.0,1.0958671289183477
2024-12-22,XRP,6,-9.922190396237711e-05,9.92169816320194e-05,0.0,funding,2.2379,0.0,1.0957584002895466
2024-12-22,XRP,6,0.00751581621302812,0.0,0.0,mark,2.2938,0.0,1.1040249450425488
2024-12-22,XRP,6,-0.018030113621286648,0.0,0.0,mark,2.1604,0.0,1.084297627152558
2024-12-22,XRP,6,0.0058067089716879695,0.0,0.0,mark,2.2031,0.0,1.0906121434486795
2024-12-23,XRP,6,1.3559352149784109e-05,0.0,0.0,mark,2.2032,0.0,1.0906269315430497
2024-12-23,XRP,6,-9.815270058677198e-05,9.814788376807242e-05,0.0,funding,2.2032,0.0,1.0905198888177383
2024-12-23,XRP,6,0.01021303645434193,0.0,0.0,mark,2.2789,0.0,1.1017144762560616
2024-12-23,XRP,6,-0.02007941751538934,0.0,0.0,mark,2.1308,0.0,1.0798133084936354
2024-12-23,XRP,6,0.01776802650540266,0.0,0.0,mark,2.2617,0.0,1.0991709240243686
2024-12-24,XRP,6,-1.3453952907941202e-05,0.0,0.0,mark,2.2616,0.0,1.0991561359299984
2024-12-24,XRP,6,-9.997268361564449e-05,9.996768651338791e-05,0.0,funding,2.2616,0.0,1.0990462558339724
2024-12-24,XRP,6,0.011917455357421794,0.0,0.0,mark,2.3507,0.0,1.1122224479179168
2024-12-24,XRP,6,-0.01836990340994523,0.0,0.0,mark,2.2138,0.0,1.0919775467249653
2024-12-24,XRP,6,0.014786871711322641,0.0,0.0,mark,2.3238,0.0,1.108244450532304
2024-12-25,XRP,6,0.0,0.0,0.0,mark,2.3238,0.0,1.108244450532304
2024-12-25,XRP,6,-0.0001018799069536999,0.00010187471737222878,0.0,funding,2.3238,0.0,1.1081315484421266
2024-12-25,XRP,6,0.001160347727171109,0.0,0.0,mark,2.3325,0.0,1.1094181126523435
2024-12-25,XRP,6,-0.009509080949788343,0.0,0.0,mark,2.2615,0.0,1.0989185656494247
2024-12-25,XRP,6,0.004806021365246913,0.0,0.0,mark,2.2973,0.0,1.104212703433995
2024-12-26,XRP,6,0.0,0.0,0.0,mark,2.2973,0.0,1.104212703433995
2024-12-26,XRP,6,-0.00010108580140702233,0.00010108069240952348,0.0,funding,2.2973,0.0,1.1041010888493645
2024-12-26,XRP,6,0.0025549465833730758,0.0,0.0,mark,2.3164,0.0,1.1069256148740934
2024-12-26,XRP,6,-0.025532788860774976,0.0,0.0,mark,2.1277,0.0,1.0790204807973223
2024-12-26,XRP,6,0.0038573917064423625,0.0,0.0,mark,2.1559,0.0,1.083190723409749
2024-12-27,XRP,6,0.0,0.0,0.0,mark,2.1559,0.0,1.083190723409749
2024-12-27,XRP,6,-9.670477400218313e-05,9.670009824623352e-05,0.0,funding,2.1559,0.0,1.083085978760376
2024-12-27,XRP,6,-0.0056137306653964505,0.0,0.0,mark,2.1149,0.0,1.0770228600685496
2024-12-27,XRP,6,0.016747525549123194,0.0,0.0,mark,2.2379,0.0,1.0952122161440283
2024-12-27,XRP,6,-0.01240439270370812,0.0,0.0,mark,2.1466,0.0,1.0817106859839372
2024-12-28,XRP,6,1.3670932051145234e-05,0.0,0.0,mark,2.1467,0.0,1.0817254740783075
2024-12-28,XRP,6,-9.64225186680994e-05,9.641787016639817e-05,0.0,funding,2.1467,0.0,1.081621176411992
2024-12-28,XRP,6,0.008291870742741337,0.0,0.0,mark,2.2076,0.0,1.0906271258835096
2024-12-28,XRP,6,-0.009988656919278995,0.0,0.0,mark,2.1343,0.0,1.079787452710074
2024-12-28,XRP,6,0.006824348703635813,0.0,0.0,mark,2.1843,0.0,1.0871814998952278
2024-12-29,XRP,6,0.0,0.0,0.0,mark,2.1843,0.0,1.0871814998952278
2024-12-29,XRP,6,-9.761906969425159e-05,9.761430510786781e-05,0.0,funding,2.1843,0.0,1.0870753754285893
2024-12-29,XRP,6,0.001807638627861881,0.0,0.0,mark,2.1976,0.0,1.0890421919798403
2024-12-29,XRP,6,-0.017326667395923246,0.0,0.0,mark,2.0711,0.0,1.0703352526014007
2024-12-29,XRP,6,0.0031864876742347626,0.0,0.0,mark,2.0942,0.0,1.0737513024009417
2024-12-30,XRP,6,-1.3772459387576215e-05,0.0,0.0,mark,2.0941,0.0,1.0737365143065716
2024-12-30,XRP,6,-9.475966264645375e-05,9.475517309144004e-05,0.0,funding,2.0941,0.0,1.0736347722173039
2024-12-30,XRP,6,0.008025417745700715,0.0,0.0,mark,2.1526,0.0,1.082285807423934
2024-12-30,XRP,6,-0.021713472386522784,0.0,0.0,mark,1.9954,0.0,1.05903892307381
2024-12-30,XRP,6,0.008800182213580974,0.0,0.0,mark,2.0587,0.0,1.0683997868102149
2024-12-31,XRP,6,0.0,0.0,0.0,mark,2.0587,0.0,1.0683997868102149
2024-12-31,XRP,6,-9.362306104574971e-05,9.361867854377928e-05,0.0,funding,2.0587,0.0,1.0682997646340173
2024-12-31,XRP,6,0.012436101198931264,0.0,0.0,mark,2.1491,0.0,1.0816682019447756
2024-12-31,XRP,6,-0.018838009085539703,0.0,0.0,mark,2.0126,0.0,1.0614824531293052
2024-12-31,XRP,6,0.009842799821382604,0.0,0.0,mark,2.0836,0.0,1.071982000132224
2024-12-31,XRP,6,-0.0004168670698430147,0.00041678019283860127,0.2874346157507595,boundary_exit,2.0836,-0.14788094370307947,1.0715352192674894
2025-01-01,TRX,1,-0.0011522139127890041,0.0011515503692111294,0.7941726684214685,entry,0.2547,3.1180709400136184,0.9988484496307889
2025-01-01,TRX,1,-0.0002612540836602808,0.0002612199597839167,0.0,funding,0.2547,0.0,0.9985875304789461
2025-01-01,TRX,1,0.005294179363071468,0.0,0.0,mark,0.2564,0.0,1.0038882510769693
2025-01-01,TRX,1,-0.01093050004751051,0.0,0.0,mark,0.2529,0.0,0.9929750027869216
2025-01-01,TRX,1,0.009376295870023126,0.0,0.0,mark,0.2559,0.0,1.0023292156069625
2025-01-02,TRX,1,0.0003110341396172102,0.0,0.0,mark,0.256,0.0,1.002641022700964
2025-01-02,TRX,1,-0.0002615943212942147,0.00026156010848309407,0.0,funding,0.256,0.0,1.0023787718062966
2025-01-02,TRX,1,0.033043259141019334,0.0,0.0,mark,0.2668,0.0,1.0360539379584437
2025-01-02,TRX,1,-0.03397689625334444,0.0,0.0,mark,0.2557,0.0,1.0014433505242926
2025-01-02,TRX,1,0.02884750408291393,0.0,0.0,mark,0.2651,0.0,1.0307532173604206
2025-01-03,TRX,1,0.00030245837392908883,0.0,0.0,mark,0.2652,0.0,1.031065024454422
2025-01-03,TRX,1,-0.0002635249261298648,0.0002634902064863695,0.0,funding,0.2652,0.0,1.0307933489182275
2025-01-03,TRX,1,0.018283859697753126,0.0,0.0,mark,0.2713,0.0,1.0498135816523106
2025-01-03,TRX,1,-0.03137636441602817,0.0,0.0,mark,0.2609,0.0,1.017385643876169
2025-01-03,TRX,1,0.02810388513268009,0.0,0.0,mark,0.2702,0.0,1.0463837036182957
2025-01-04,TRX,1,0.0,0.0,0.0,mark,0.2702,0.0,1.0463837036182957
2025-01-04,TRX,1,-0.001168159134001961,0.0011674771017205813,0.8051566218762629,rotation,0.2702,-3.1180709400136184,1.0451620746047077
2025-02-02,XRP,2,-0.0007396257086435098,0.0007393522529714636,0.5098981054975612,entry,2.8779,0.18517883240517083,1.0443893316701283
2025-02-02,XRP,2,-0.00016766099600246722,0.00016764694168327712,0.0,funding,2.8779,0.0,1.0442142429927472
2025-02-02,XRP,2,0.013737567570116597,0.0,0.0,mark,2.9559,0.0,1.0586581919203506
2025-02-02,XRP,2,-0.09067945133260666,0.0,0.0,mark,2.4603,0.0,0.9668835625803479
2025-02-02,XRP,2,0.02266627217911328,0.0,0.0,mark,2.58,0.0,0.9890494688192468
2025-02-03,XRP,2,1.8722733768340706e-05,0.0,0.0,mark,2.5801,0.0,0.9890679867024873
2025-02-03,XRP,2,-0.0001587183796812022,0.00015870578458561973,0.0,funding,2.5801,0.0,0.9889110158916492
2025-02-03,XRP,2,0.03700141829352327,0.0,0.0,mark,2.7814,0.0,1.02618751485481
2025-02-03,XRP,2,-0.14317598375433457,0.0,0.0,mark,2.0421587784612343,0.0,0.8892956885844892
2025-02-03,XRP,2,-0.0006167889571444789,0.0006165987819370442,0.42524053926692695,stop,2.0421587784612343,-0.18517883240517083,0.8887473499461261
2025-03-02,LTC,3,-0.0007112336081341654,0.0007109807414641801,0.49033154583736555,entry,124.31,0.0035055977954946997,0.8881154676962871
2025-03-02,LTC,3,-0.00016122216525710727,0.00016120916966216097,0.0,funding,124.31,0.0,0.8879722953391757
2025-03-02,LTC,3,-0.027415286952506095,0.0,0.0,mark,117.46,0.0,0.8639589504400369
2025-03-02,LTC,3,0.049630072646560254,0.0,0.0,mark,130.0,0.0,0.9079191467955404
2025-03-02,LTC,3,-0.00818036156501792,0.0,0.0,mark,127.89,0.0,0.9005223354470466
2025-03-03,LTC,3,0.0,0.0,0.0,mark,127.89,0.0,0.9005223354470466
2025-03-03,LTC,3,-0.0007221526208373099,0.0007218919313897034,0.49785650440669205,rotation,127.89,-0.0035055977954946997,0.8998722556390512
2025-04-02,TRX,4,-0.0007247373144570303,0.0007244747558020436,0.49963776262209897,entry,0.2378,1.8907071507703825,0.899220320906394
2025-04-02,TRX,4,-0.00016428454119421496,0.00016427104722792606,0.0,funding,0.2378,0.0,0.8990726050425901
2025-04-02,TRX,4,0.005034392601869519,0.0,0.0,mark,0.2402,0.0,0.903610302204439
2025-04-02,TRX,4,-0.017093644286406525,0.0,0.0,mark,0.2321,0.0,0.8882955742831989
2025-04-02,TRX,4,0.0042478973969735075,0.0,0.0,mark,0.2341,0.0,0.8920769885847397
2025-04-03,TRX,4,-0.00021196685551474207,0.0,0.0,mark,0.234,0.0,0.8918879178696627
2025-04-03,TRX,4,-0.0007195385756077119,0.0007192797698041468,0.49605501365803234,rotation,0.234,-1.8907071507703825,0.8912464009334063
2025-05-02,SOL,5,-0.0010484658475136313,0.00104791639923965,0.7227009649928621,entry,150.85,0.004269835160762268,0.8903124492141049
2025-05-02,SOL,5,-0.00023771501653834355,0.00023768676456248765,0.0,funding,150.85,0.0,0.8901008337286015
2025-05-02,SOL,5,-0.017176103937062197,0.0,0.0,mark,147.3,0.0,0.8749429189078956
2025-05-02,SOL,5,0.022248065325272702,0.0,0.0,mark,151.91,0.0,0.8946268589990095
2025-05-02,SOL,5,-0.018594649705204604,0.0,0.0,mark,148.05,0.0,0.8781452952784672
2025-05-03,SOL,5,-4.8624515714085234e-05,0.0,0.0,mark,148.04,0.0,0.8781025969268594
2025-05-03,SOL,5,-0.00023653058529171336,0.00023650261413824406,0.0,funding,148.04,0.0,0.8778949233672046
2025-05-03,SOL,5,0.0049003310155043694,0.0,0.0,mark,149.05,0.0,0.8822074568795746
2025-05-03,SOL,5,-0.01575650516853195,0.0,0.0,mark,145.82,0.0,0.8684158893103123
2025-05-03,SOL,5,0.00436641343994117,0.0,0.0,mark,146.71,0.0,0.8722160426033908
2025-05-04,SOL,5,0.0,0.0,0.0,mark,146.71,0.0,0.8722160426033908
2025-05-04,SOL,5,-0.0002359875113641783,0.00023595966850160135,0.0,funding,146.71,0.0,0.8720102347951163
2025-05-04,SOL,5,0.005371743051300707,0.0,0.0,mark,147.81,0.0,0.8767070534719548
2025-05-04,SOL,5,-0.021214480470276385,0.0,0.0,mark,143.5,0.0,0.8583040639290693
2025-05-04,SOL,5,0.002236128693702634,0.0,0.0,mark,143.95,0.0,0.8602254897514123
2025-05-05,SOL,5,-4.963746348368285e-05,0.0,0.0,mark,143.94,0.0,0.8601827913998048
2025-05-05,SOL,5,-0.00023477067999713326,0.00023474312351764957,0.0,funding,143.94,0.0,0.8599808694045555
2025-05-05,SOL,5,0.0186426242111136,0.0,0.0,mark,147.73,0.0,0.8761635446638445
2025-05-05,SOL,5,-0.02581795591825027,0.0,0.0,mark,142.5,0.0,0.8538323067730579
2025-05-05,SOL,5,0.020883738125140255,0.0,0.0,mark,146.72,0.0,0.8718510111514747
2025-05-06,SOL,5,0.0,0.0,0.0,mark,146.72,0.0,0.8718510111514747
2025-05-06,SOL,5,-0.00023610242153823818,0.00023607455155498158,0.0,funding,146.72,0.0,0.8716451893149944
2025-05-06,SOL,5,0.002495166990820808,0.0,0.0,mark,147.23,0.0,0.8738228052469831
2025-05-06,SOL,5,-0.028850979844097593,0.0,0.0,mark,141.41,0.0,0.8489723646113467
2025-05-06,SOL,5,0.02713928076743634,0.0,0.0,mark,146.88,0.0,0.8723283629407164
2025-05-07,SOL,5,4.894636981368881e-05,0.0,0.0,mark,146.89,0.0,0.8723710612923239
2025-05-07,SOL,5,-0.00023623509011367445,0.0002362071888020037,0.0,funding,146.89,0.0,0.8721650009763439
2025-05-07,SOL,5,-0.010878394389540136,0.0,0.0,mark,144.68,0.0,0.8627286652710593
2025-05-07,SOL,5,0.02376849395603296,0.0,0.0,mark,149.54,0.0,0.8834800641523638
2025-05-07,SOL,5,-0.010787172624747692,0.0,0.0,mark,147.32,0.0,0.8740010300954716
2025-05-08,SOL,5,0.0,0.0,0.0,mark,147.32,0.0,0.8740010300954716
2025-05-08,SOL,5,-0.0002364848084508855,0.0002364568481226911,0.0,funding,147.32,0.0,0.8737943665666392
2025-05-08,SOL,5,0.0810632553808188,0.0,0.0,mark,164.6,0.0,0.9475771181446112
2025-05-08,SOL,5,-0.08223671432328583,0.0,0.0,mark,147.08,0.0,0.8727696061280563
2025-05-08,SOL,5,0.08160566747388899,0.0,0.0,mark,164.46,0.0,0.9469793412221045
2025-05-09,SOL,5,0.0,0.0,0.0,mark,164.46,0.0,0.9469793412221045
2025-05-09,SOL,5,-0.0002436547148564115,0.00024362503345704486,0.0,funding,164.46,0.0,0.9467486333484161
2025-05-09,SOL,5,0.05137908191727657,0.0,0.0,mark,176.15,0.0,0.996663006377727
2025-05-09,SOL,5,-0.06678605796547724,0.0,0.0,mark,161.07,0.0,0.9322738921534319
2025-05-09,SOL,5,0.052243300408853444,0.0,0.0,mark,172.78,0.0,0.9822736618859581
2025-05-10,SOL,5,-4.346984075447223e-05,0.0,0.0,mark,172.77,0.0,0.9822309635343506
2025-05-10,SOL,5,-0.0002467802670462559,0.0002467498193008762,0.0,funding,172.77,0.0,0.9819885982215868
2025-05-10,SOL,5,0.026643898412849126,0.0,0.0,mark,178.98,0.0,1.0085042745699204
2025-05-10,SOL,5,-0.04441081287598847,0.0,0.0,mark,168.72,0.0,0.9646957658204995
2025-05-10,SOL,5,0.03978525730109421,0.0,0.0,mark,177.89,0.0,1.0038501542446894
2025-05-11,SOL,5,0.0,0.0,0.0,mark,177.89,0.0,1.0038501542446894
2025-05-11,SOL,5,-0.0002486215456280935,0.00024859064185280103,0.0,funding,177.89,0.0,1.0036006064905216
2025-05-11,SOL,5,-0.03701007058773622,0.0,0.0,mark,169.35,0.0,0.9671362142176119
2025-05-11,SOL,5,0.047042777931414946,0.0,0.0,mark,180.26,0.0,1.013720115821528
2025-05-11,SOL,5,-0.030231564374628834,0.0,0.0,mark,173.19,0.0,0.9835323812349389
2025-05-12,SOL,5,4.34123223715288e-05,0.0,0.0,mark,173.2,0.0,0.9835750795865464
2025-05-12,SOL,5,-0.00024705642239478625,0.0002470259064699366,0.0,funding,173.2,0.0,0.9833321110609303
2025-05-12,SOL,5,0.0352384289247924,0.0,0.0,mark,181.46,0.0,1.0186009494888268
2025-05-12,SOL,5,-0.05670051061198077,0.0,0.0,mark,168.31,0.0,0.962452617124803
2025-05-12,SOL,5,0.02588135714721111,0.0,0.0,mark,174.22,0.0,0.987687342924908
2025-05-13,SOL,5,0.0,0.0,0.0,mark,174.22,0.0,0.987687342924908
2025-05-13,SOL,5,-0.0002474767417004537,0.00024744612185753195,0.0,funding,174.22,0.0,0.9874429435222934
2025-05-13,SOL,5,0.044857734641417756,0.0,0.0,mark,184.83,0.0,1.0327458945779813
2025-05-13,SOL,5,-0.08024248959021521,0.0,0.0,mark,166.18,0.0,0.953113468829765
2025-05-13,SOL,5,0.07576728594103252,0.0,0.0,mark,183.75,0.0,1.028134472604358
2025-05-14,SOL,5,0.0,0.0,0.0,mark,183.75,0.0,1.028134472604358
2025-05-14,SOL,5,-0.0002507459950112988,0.0002507145608616944,0.0,funding,183.75,0.0,1.0278767043215522
2025-05-14,SOL,5,0.004683076102742441,0.0,0.0,mark,184.88,0.0,1.0327016180532136
2025-05-14,SOL,5,-0.049367145511314964,0.0,0.0,mark,173.23,0.0,0.9829580384303331
2025-05-14,SOL,5,0.01470393849817016,0.0,0.0,mark,176.64,0.0,0.9975181763285325
2025-05-15,SOL,5,-4.280550118230651e-05,0.0,0.0,mark,176.63,0.0,0.9974754779769249
2025-05-15,SOL,5,-0.00024843816815943003,0.0002484073099531506,0.0,funding,176.63,0.0,0.9972276977766964
2025-05-15,SOL,5,0.007252535748875501,0.0,0.0,mark,178.33,0.0,1.0044864175499923
2025-05-15,SOL,5,-0.050700197282455874,0.0,0.0,mark,166.7,0.0,0.9548282346303271
2025-05-15,SOL,5,0.010940648514551028,0.0,0.0,mark,169.16,0.0,0.9653320291258023
2025-05-16,SOL,5,0.0,0.0,0.0,mark,169.16,0.0,0.9653320291258023
2025-05-16,SOL,5,-0.000245853545870903,0.0002458233263644475,0.0,funding,169.16,0.0,0.9650947279953564
2025-05-16,SOL,5,-0.012465313170331838,0.0,0.0,mark,166.36,0.0,0.9531391895452221
2025-05-16,SOL,5,0.03456191513445733,0.0,0.0,mark,174.21,0.0,0.9866573955572059
2025-05-16,SOL,5,-0.029913783677742615,0.0,0.0,mark,167.4,0.0,0.9575798181124149
2025-05-17,SOL,5,0.0,0.0,0.0,mark,167.4,0.0,0.9575798181124149
2025-05-17,SOL,5,-0.0002452651580811319,0.00024523508304107744,0.0,funding,167.4,0.0,0.9573449859462017
2025-05-17,SOL,5,0.01148539661723279,0.0,0.0,mark,169.99,0.0,0.968403859012576
2025-05-17,SOL,5,-0.02672053518161843,0.0,0.0,mark,164.01,0.0,0.9428702447512175
2025-05-17,SOL,5,0.008702128145586624,0.0,0.0,mark,165.94,0.0,0.9511110266114887
2025-05-18,SOL,5,0.0,0.0,0.0,mark,165.94,0.0,0.9511110266114887
2025-05-18,SOL,5,-0.00024477956115909986,0.0002447496050866064,0.0,funding,165.94,0.0,0.9508782425633321
2025-05-18,SOL,5,0.04748565937097785,0.0,0.0,mark,176.77,0.0,0.9971205573543875
2025-05-18,SOL,5,-0.05379208003780518,0.0,0.0,mark,164.54,0.0,0.9449004733382649
2025-05-18,SOL,5,0.038821463497901464,0.0,0.0,mark,173.3,0.0,0.9823042293465424
2025-05-19,SOL,5,0.0,0.0,0.0,mark,173.3,0.0,0.9823042293465424
2025-05-19,SOL,5,-0.00024751893422487987,0.0002474883039407248,0.0,funding,173.3,0.0,0.9820611205388676
2025-05-19,SOL,5,-0.062153026153046714,0.0,0.0,mark,159.44,0.0,0.9228812052107025
2025-05-19,SOL,5,0.06493177329073659,0.0,0.0,mark,173.94,0.0,0.9847938150417553
2025-05-19,SOL,5,-0.03117825000765775,0.0,0.0,mark,166.86,0.0,0.9545633821035585
2025-05-20,SOL,5,4.472976595536015e-05,0.0,0.0,mark,166.87,0.0,0.954606080455166
2025-05-20,SOL,5,-0.00024525024763754114,0.0002452201762539497,0.0,funding,166.87,0.0,0.9543719917838638
2025-05-20,SOL,5,0.02753500398402078,0.0,0.0,mark,173.11,0.0,0.9810157631870203
2025-05-20,SOL,5,-0.03814971912671797,0.0,0.0,mark,164.51,0.0,0.9442951808044647
2025-05-20,SOL,5,0.018280492557141047,0.0,0.0,mark,168.59,0.0,0.9617161082603748
2025-05-21,SOL,5,0.0,0.0,0.0,mark,168.59,0.0,0.9617161082603748
2025-05-21,SOL,5,-0.00024594639230860886,0.00024591614997406094,0.0,funding,168.59,0.0,0.9614796067376634
2025-05-21,SOL,5,-0.013772378514710089,0.0,0.0,mark,165.51,0.0,0.9483285144425155
2025-05-21,SOL,5,0.04610661004373662,0.0,0.0,mark,175.99,0.0,0.9930763869273042
2025-05-21,SOL,5,-0.01063336005088501,0.0,0.0,mark,173.53,0.0,0.9825725924318289
2025-05-22,SOL,5,4.345472713215238e-05,0.0,0.0,mark,173.54,0.0,0.9826152907834365
2025-05-22,SOL,5,-0.000247783287117666,0.0002477525913742759,0.0,funding,173.54,0.0,0.9823718452988208
2025-05-22,SOL,5,0.03136253008852357,0.0,0.0,mark,180.87,0.0,1.0136697370272083
2025-05-22,SOL,5,-0.035500210882671246,0.0,0.0,mark,172.59,0.0,0.9783155018960967
2025-05-22,SOL,5,0.030475022599413076,0.0,0.0,mark,179.68,0.0,1.0085886331859013
2025-05-23,SOL,5,0.0,0.0,0.0,mark,179.68,0.0,1.0085886331859013
2025-05-23,SOL,5,-0.0002499436304175357,0.0002499123971105187,0.0,funding,179.68,0.0,1.0083365743828834
2025-05-23,SOL,5,0.0334379726549958,0.0,0.0,mark,187.71,0.0,1.0426233507238043
2025-05-23,SOL,5,-0.06113064155038599,0.0,0.0,mark,173.23,0.0,0.9807961375959666
2025-05-23,SOL,5,0.003389929319617019,0.0,0.0,mark,174.01,0.0,0.9841266090213612
2025-05-24,SOL,5,-4.338799248052138e-05,0.0,0.0,mark,174.0,0.0,0.9840839106697536
2025-05-24,SOL,5,-0.00024806935304148815,0.00024803858638369606,0.0,funding,174.0,0.0,0.9838398198876682
2025-05-24,SOL,5,0.01861767990900003,0.0,0.0,mark,178.33,0.0,1.0023282061337688
2025-05-24,SOL,5,-0.02514891686185508,0.0,0.0,mark,172.5,0.0,0.9774350671465247
2025-05-24,SOL,5,0.014614225039331635,0.0,0.0,mark,175.87,0.0,0.9918244116382936
2025-05-25,SOL,5,0.0,0.0,0.0,mark,175.87,0.0,0.9918244116382936
2025-05-25,SOL,5,-0.00024877865835493346,0.0002487477155105194,0.0,funding,175.87,0.0,0.991577697581711
2025-05-25,SOL,5,0.00433973320364995,0.0,0.0,mark,176.88,0.0,0.9958902310940808
2025-05-25,SOL,5,-0.03374801840141792,0.0,0.0,mark,169.14,0.0,0.9628417069497808
2025-05-25,SOL,5,0.028848335135461235,0.0,0.0,mark,175.74,0.0,0.9910226190108118
2025-05-26,SOL,5,4.308421521625246e-05,0.0,0.0,mark,175.75,0.0,0.9910653173624193
2025-05-26,SOL,5,-0.00024879933266687795,0.00024876838467956225,0.0,funding,175.75,0.0,0.9908187716443071
2025-05-26,SOL,5,-0.009830501139789243,0.0,0.0,mark,173.48,0.0,0.9811262458293767
2025-05-26,SOL,5,0.023823876045472783,0.0,0.0,mark,179.02,0.0,1.0047811326199998
2025-05-26,SOL,5,-0.01761983921848687,0.0,0.0,mark,174.91,0.0,0.9872321101092668
2025-05-27,SOL,5,4.324963484572379e-05,0.0,0.0,mark,174.92,0.0,0.9872748084608743
2025-05-27,SOL,5,-0.00024857504114208584,0.0002485441489262427,0.0,funding,174.92,0.0,0.9870294270838491
2025-05-27,SOL,5,0.019237265267336462,0.0,0.0,mark,179.41,0.0,1.0062009869556718
2025-05-27,SOL,5,-0.03528481939038341,0.0,0.0,mark,171.24,0.0,0.9713164336922442
2025-05-27,SOL,5,0.02376116936651676,0.0,0.0,mark,176.71,0.0,0.9946724320216138
2025-05-28,SOL,5,4.2926127036565995e-05,0.0,0.0,mark,176.72,0.0,0.9947151303732213
2025-05-28,SOL,5,-0.0002492546295012095,0.00024922356814686064,0.0,funding,176.72,0.0,0.9944672239191401
2025-05-28,SOL,5,0.0031294194197015422,0.0,0.0,mark,177.45,0.0,0.9975842035864965
2025-05-28,SOL,5,-0.03719306040020057,0.0,0.0,mark,168.92,0.0,0.9611625096651943
2025-05-28,SOL,5,0.01450960713713349,0.0,0.0,mark,172.21,0.0,0.9752102673441023
2025-05-29,SOL,5,4.378278030685949e-05,0.0,0.0,mark,172.22,0.0,0.9752529656957099
2025-05-29,SOL,5,-0.00024775488944285464,0.0002477242007347277,0.0,funding,172.22,0.0,0.9750113719342687
2025-05-29,SOL,5,-0.02779699313327446,0.0,0.0,mark,165.96,0.0,0.948282203827897
2025-05-29,SOL,5,0.04136780485378352,0.0,0.0,mark,175.34,0.0,0.988333257635847
2025-05-29,SOL,5,-0.037996465349731806,0.0,0.0,mark,166.71,0.0,0.9514845801984686
2025-05-30,SOL,5,0.0,0.0,0.0,mark,166.71,0.0,0.9514845801984686
2025-05-30,SOL,5,-0.00024581897614035656,0.0002457887651312802,0.0,funding,166.71,0.0,0.9512507159784601
2025-05-30,SOL,5,0.003584491085605673,0.0,0.0,mark,167.51,0.0,0.9546665841070698
2025-05-30,SOL,5,-0.056536668448832275,0.0,0.0,mark,155.22,0.0,0.9021903099813016
2025-05-30,SOL,5,0.0046273656617157495,0.0,0.0,mark,156.2,0.0,0.9063747484388486
2025-05-31,SOL,5,0.0,0.0,0.0,mark,156.2,0.0,0.9063747484388486
2025-05-31,SOL,5,-0.0002417841704332975,0.00024175494299643214,0.0,funding,156.2,0.0,0.9061556278632064
2025-05-31,SOL,5,0.008492615048510973,0.0,0.0,mark,158.01,0.0,0.9138840295041861
2025-05-31,SOL,5,-0.02780883144309901,0.0,0.0,mark,152.14,0.0,0.8888200971105116
2025-05-31,SOL,5,0.020493531320524817,0.0,0.0,mark,156.45,0.0,0.907223086653397
2025-06-01,SOL,5,0.0,0.0,0.0,mark,156.45,0.0,0.907223086653397
2025-06-01,SOL,5,-0.0002419447157452397,0.00024191544948278253,0.0,funding,156.45,0.0,0.9070036153726081
2025-06-01,SOL,5,0.006896377650421061,0.0,0.0,mark,157.92,0.0,0.9132802730589287
2025-06-01,SOL,5,-0.03487073384390203,0.0,0.0,mark,150.59,0.0,0.8819823813305413
2025-06-01,SOL,5,0.033748038190100346,0.0,0.0,mark,157.68,0.0,0.9122555126203458
2025-06-02,SOL,5,0.0,0.0,0.0,mark,157.68,0.0,0.9122555126203458
2025-06-02,SOL,5,-0.0010707096260829314,0.0010701366210568726,0.7380252559012914,rotation,157.68,-0.004269835160762268,0.9112792745885298
2025-06-02,ETH,6,-0.0013159850715154444,0.001315119542877065,0.9069789950876308,entry,2539.2,0.00032550061464653825,0.9100808334054995
2025-06-02,ETH,6,-0.00029841769719936143,0.0002983731750671554,0.0,funding,2539.2,0.0,0.9098092896976685
2025-06-02,ETH,6,0.026757612140366985,0.0,0.0,mark,2615.0,0.0,0.9344822362878762
2025-06-02,ETH,6,-0.04999420592684699,0.0,0.0,mark,2475.0,0.0,0.8889121502373608
2025-06-02,ETH,6,0.04734694190134519,0.0,0.0,mark,2607.41,0.0,0.9320116866227088
2025-06-03,ETH,6,3.4924459738323357e-06,0.0,0.0,mark,2607.42,0.0,0.9320149416288553
2025-06-03,ETH,6,-0.00029922365671594084,0.0002991788937824027,0.0,funding,2607.42,0.0,0.9317361024296301
2025-06-03,ETH,6,0.016615941781987862,0.0,0.0,mark,2655.38,0.0,0.9473471119080781
2025-06-03,ETH,6,-0.028006446512628253,0.0,0.0,mark,2575.0,0.0,0.9211833725027893
2025-06-03,ETH,6,0.006466562013795635,0.0,0.0,mark,2593.36,0.0,0.9271595637876997
2025-06-04,ETH,6,-3.510735354870641e-06,0.0,0.0,mark,2593.35,0.0,0.9271563087815532
2025-06-04,ETH,6,-0.00029916857444563434,0.00029912382799006485,0.0,funding,2593.35,0.0,0.9268789742373253
2025-06-04,ETH,6,0.029934980009024066,0.0,0.0,mark,2679.88,0.0,0.9550445424226903
2025-06-04,ETH,6,-0.03340009167870526,0.0,0.0,mark,2583.5,0.0,0.923672793183057
2025-06-04,ETH,6,0.008484889382246832,0.0,0.0,mark,2607.68,0.0,0.9315433980452101
2025-06-05,ETH,6,0.0,0.0,0.0,mark,2607.68,0.0,0.9315433980452101
2025-06-05,ETH,6,-0.0002994050020123671,0.0002993601848076378,0.0,funding,2607.68,0.0,0.9312645310414149
2025-06-05,ETH,6,0.011530520328426806,0.0,0.0,mark,2640.86,0.0,0.9420646414353872
2025-06-05,ETH,6,-0.09003759275164344,0.0,0.0,mark,2391.66,0.0,0.8609498882654697
2025-06-05,ETH,6,0.008414397453843472,0.0,0.0,mark,2414.01,0.0,0.86822482700282
2025-06-06,ETH,6,3.7490289884583856e-06,0.0,0.0,mark,2414.02,0.0,0.8682280820089664
2025-06-06,ETH,6,-0.00029738183967915313,0.00029733762608280014,0.0,funding,2414.02,0.0,0.8679699251321634
2025-06-06,ETH,6,0.043063424093875195,0.0,0.0,mark,2531.36,0.0,0.9061641672547882
2025-06-06,ETH,6,-0.05533764075488892,0.0,0.0,mark,2381.49,0.0,0.8573813901377114
2025-06-06,ETH,6,0.03528820222378967,0.0,0.0,mark,2476.1,0.0,0.8881770032894204
2025-06-07,ETH,6,0.0,0.0,0.0,mark,2476.1,0.0,0.8881770032894204
2025-06-07,ETH,6,-0.0002981784393839973,0.0002981339886113907,0.0,funding,2476.1,0.0,0.8879122075368369
2025-06-07,ETH,6,0.024715540069302353,0.0,0.0,mark,2544.36,0.0,0.9101308794926096
2025-06-07,ETH,6,-0.03174205621373695,0.0,0.0,mark,2457.0,0.0,0.881695145797088
2025-06-07,ETH,6,0.02466077532167556,0.0,0.0,mark,2524.63,0.0,0.9037087523656334
2025-06-08,ETH,6,3.601824454924526e-06,0.0,0.0,mark,2524.64,0.0,0.9037120073717798
2025-06-08,ETH,6,-0.00029879761185287447,0.00029875297629222735,0.0,funding,2524.64,0.0,0.9034420207198665
2025-06-08,ETH,6,0.008606203692063844,0.0,0.0,mark,2548.63,0.0,0.911250780465237
2025-06-08,ETH,6,-0.020953577876047322,0.0,0.0,mark,2490.58,0.0,0.8923554697850054
2025-06-08,ETH,6,0.006997200974130204,0.0,0.0,mark,2509.83,0.0,0.8986213566169512
2025-06-09,ETH,6,3.6222155498028252e-06,0.0,0.0,mark,2509.84,0.0,0.8986246116230977
2025-06-09,ETH,6,-0.000298727654018079,0.00029868303935505134,0.0,funding,2509.84,0.0,0.8983562076928588
2025-06-09,ETH,6,0.06459124556979111,0.0,0.0,mark,2693.99,0.0,0.9582971458800187
2025-06-09,ETH,6,-0.07629384268565406,0.0,0.0,mark,2477.73,0.0,0.8879043829565584
2025-06-09,ETH,6,0.07157496046460349,0.0,0.0,mark,2680.13,0.0,0.9537857073610178
2025-06-10,ETH,6,0.0,0.0,0.0,mark,2680.13,0.0,0.9537857073610178
2025-06-10,ETH,6,-0.00030054751794992874,0.0003005023580689595,0.0,funding,2680.13,0.0,0.9534990925068633
2025-06-10,ETH,6,0.04892132221980123,0.0,0.0,mark,2827.0,0.0,1.0013053677800003
2025-06-10,ETH,6,-0.057327063130645575,0.0,0.0,mark,2655.61,0.0,0.9455178174357302
2025-06-10,ETH,6,0.053875304191354535,0.0,0.0,mark,2816.4,0.0,0.997855061264747
2025-06-11,ETH,6,3.2619976225520147e-06,0.0,0.0,mark,2816.41,0.0,0.9978583162708934
2025-06-11,ETH,6,-0.00030188072329414574,0.00030183516189342605,0.0,funding,2816.41,0.0,0.997557127544455
2025-06-11,ETH,6,-0.02399436844063252,0.0,0.0,mark,2743.75,0.0,0.9739062528842376
2025-06-11,ETH,6,0.04428193665344525,0.0,0.0,mark,2879.22,0.0,1.018001821150404
2025-06-11,ETH,6,-0.03501360377194857,0.0,0.0,mark,2771.61,0.0,0.9829747000082901
2025-06-12,ETH,6,-3.3113889256476678e-06,0.0,0.0,mark,2771.6,0.0,0.9829714450021436
2025-06-12,ETH,6,-0.0003015768287992477,0.00030153135907845334,0.0,funding,2771.6,0.0,0.9826750482863968
2025-06-12,ETH,6,0.0043727219032823955,0.0,0.0,mark,2784.83,0.0,0.9869814214181706
2025-06-12,ETH,6,-0.05720545402237626,0.0,0.0,mark,2616.24,0.0,0.9321052727949106
2025-06-12,ETH,6,0.009180370994800338,0.0,0.0,mark,2642.65,0.0,0.9407017440277258
2025-06-13,ETH,6,3.460183353057886e-06,0.0,0.0,mark,2642.66,0.0,0.9407049990338722
2025-06-13,ETH,6,-0.00030046640269810435,0.00030042126718919654,0.0,funding,2642.66,0.0,0.9404223912460112
2025-06-13,ETH,6,0.0009652136274361455,0.0,0.0,mark,2645.45,0.0,0.9413305379608751
2025-06-13,ETH,6,-0.07481663502405345,0.0,0.0,mark,2436.98,0.0,0.8734734248255113
2025-06-13,ETH,6,0.051638178484724094,0.0,0.0,mark,2579.19,0.0,0.9197628672343955
2025-06-14,ETH,6,0.0,0.0,0.0,mark,2579.19,0.0,0.9197628672343955
2025-06-14,ETH,6,-0.0013243867724153791,0.0013235101592882336,0.9127656270953335,rotation,2579.19,-0.00032550061464653825,0.9185455517354747
2025-07-02,TRX,7,-0.001629920956856816,0.0016285933570862532,1.123167832473278,entry,0.2788,3.7004333442277777,0.9170496145517372
2025-07-02,TRX,7,-0.00036967817882145625,0.0003696098562628336,0.0,funding,0.2788,0.0,0.9167106639755168
2025-07-02,TRX,7,0.02550644019411696,0.0,0.0,mark,0.2852,0.0,0.9403934373785746
2025-07-02,TRX,7,-0.027526801063624443,0.0,0.0,mark,0.2783,0.0,0.9148604473034029
2025-07-02,TRX,7,0.024373848345639465,0.0,0.0,mark,0.2844,0.0,0.9374330907031923
2025-07-03,TRX,7,0.0003946631729312281,0.0,0.0,mark,0.2845,0.0,0.937803134037615
2025-07-03,TRX,7,-0.0003688878053375431,0.0003688197745966699,0.0,funding,0.2845,0.0,0.9374572536971032
2025-07-03,TRX,7,0.011772359699218093,0.0,0.0,mark,0.2875,0.0,0.9485585537297866
2025-07-03,TRX,7,-0.02328557894248361,0.0,0.0,mark,0.2816,0.0,0.9267259969988428
2025-07-03,TRX,7,0.02133311803170033,0.0,0.0,mark,0.287,0.0,0.9467083370576727
2025-07-04,TRX,7,0.0,0.0,0.0,mark,0.287,0.0,0.9467083370576727
2025-07-04,TRX,7,-0.0003686288712640552,0.00036856093598953385,0.0,funding,0.287,0.0,0.9463594173468576
2025-07-04,TRX,7,0.0039025526718005727,0.0,0.0,mark,0.288,0.0,0.9500598506910853
2025-07-04,TRX,7,-0.026842707225573543,0.0,0.0,mark,0.2812,0.0,0.9248969039503365
2025-07-04,TRX,7,0.005983435100449762,0.0,0.0,mark,0.2827,0.0,0.9304475539666782
2025-07-05,TRX,7,-0.00039778377227277424,0.0,0.0,mark,0.2826,0.0,0.9300775106322555
2025-07-05,TRX,7,-0.0003694680155167813,0.00036939977061456485,0.0,funding,0.2826,0.0,0.9297339402131742
2025-07-05,TRX,7,0.010295081331861166,0.0,0.0,mark,0.2852,0.0,0.9393550669081664
2025-07-05,TRX,7,-0.0138836016876197,0.0,0.0,mark,0.2817,0.0,0.9264035502033692
2025-07-05,TRX,7,0.005973733014042668,0.0,0.0,mark,0.2832,0.0,0.9319542002197109
2025-07-06,TRX,7,-0.00039714056635912196,0.0,0.0,mark,0.2831,0.0,0.9315841568852882
2025-07-06,TRX,7,-0.00036952312406039625,0.0003694548587995738,0.0,funding,0.2831,0.0,0.9312399785921462
2025-07-06,TRX,7,0.017333026246368764,0.0,0.0,mark,0.2875,0.0,0.9475218853067483
2025-07-06,TRX,7,-0.019321833843800835,0.0,0.0,mark,0.2826,0.0,0.9293897619200323
2025-07-06,TRX,7,0.01736723468797951,0.0,0.0,mark,0.287,0.0,0.9456716686346344
2025-07-07,TRX,7,0.0,0.0,0.0,mark,0.287,0.0,0.9456716686346344
2025-07-07,TRX,7,-0.00036903304582503425,0.000368964961505977,0.0,funding,0.287,0.0,0.9453227489238193
2025-07-07,TRX,7,0.007409962853930041,0.0,0.0,mark,0.2889,0.0,0.9523535722778521
2025-07-07,TRX,7,-0.013692803524131521,0.0,0.0,mark,0.2854,0.0,0.9394020555730549
2025-07-07,TRX,7,0.0051078109249112135,0.0,0.0,mark,0.2867,0.0,0.9442126189205511
2025-07-08,TRX,7,-0.00039198360327329643,0.0,0.0,mark,0.2866,0.0,0.9438425755861284
2025-07-08,TRX,7,-0.00036923291137849827,0.0003691647532960359,0.0,funding,0.2866,0.0,0.9434941421745618
2025-07-08,TRX,7,0.006645359469588354,0.0,0.0,mark,0.2883,0.0,0.9497848788597489
2025-07-08,TRX,7,-0.00939457168331539,0.0,0.0,mark,0.2859,0.0,0.9409038388336022
2025-07-08,TRX,7,0.0058819419057989115,0.0,0.0,mark,0.2874,0.0,0.9464544888499439
2025-07-09,TRX,7,0.0,0.0,0.0,mark,0.2874,0.0,0.9464544888499439
2025-07-09,TRX,7,-0.0016306533993093908,0.001629324606420174,1.1236721423587406,rotation,0.2874,-3.7004333442277777,0.9449124072624039
2025-08-02,ETH,8,-0.0014764318132654843,0.0014753424240180931,1.0174775338055815,entry,3488.21,0.0002756219223623709,0.9435183379009886
2025-08-02,ETH,8,-0.00033483416307245777,0.00033477811237007303,0.0,funding,3488.21,0.0,0.9432024686128395
2025-08-02,ETH,8,0.014355474065832152,0.0,0.0,mark,3537.69,0.0,0.9568402413313296
2025-08-02,ETH,8,-0.050027142872445994,0.0,0.0,mark,3368.29,0.0,0.910149887683144
2025-08-02,ETH,8,0.0077376115418658605,0.0,0.0,mark,3393.94,0.0,0.9172195899917388
2025-08-03,ETH,8,0.0,0.0,0.0,mark,3393.94,0.0,0.9172195899917388
2025-08-03,ETH,8,-0.0003351262038640764,0.00033507005535025826,0.0,funding,3393.94,0.0,0.9169122571729519
2025-08-03,ETH,8,-0.011993347252843704,0.0,0.0,mark,3354.28,0.0,0.9059810917320603
2025-08-03,ETH,8,0.049704695709147095,0.0,0.0,mark,3521.79,0.0,0.952150519946981
2025-08-03,ETH,8,-0.007277718560556522,0.0,0.0,mark,3496.74,0.0,0.9452461907918035
2025-08-04,ETH,8,2.915870206289462e-06,0.0,0.0,mark,3496.75,0.0,0.9452489470110271
2025-08-04,ETH,8,-0.00033503942221667306,0.00033498330277698405,0.0,funding,3496.75,0.0,0.9449323043968109
2025-08-04,ETH,8,0.06765715266336719,0.0,0.0,mark,3736.73,0.0,1.0110760533253327
2025-08-04,ETH,8,-0.0694146356475984,0.0,0.0,mark,3490.73,0.0,0.9432730604241895
2025-08-04,ETH,8,0.06511463957786624,0.0,0.0,mark,3720.99,0.0,1.006737764267349
2025-08-05,ETH,8,0.0,0.0,0.0,mark,3720.99,0.0,1.006737764267349
2025-08-05,ETH,8,-0.00033474924767435066,0.000334693225396295,0.0,funding,3720.99,0.0,1.006400815957898
2025-08-05,ETH,8,0.00034227758846199077,0.0,0.0,mark,3722.24,0.0,1.006745343360851
2025-08-05,ETH,8,-0.04945303482007838,0.0,0.0,mark,3546.0,0.0,0.9581697357637069
2025-08-05,ETH,8,0.018807232968426603,0.0,0.0,mark,3612.0,0.0,0.9763607826396233
2025-08-06,ETH,8,2.8229476053000368e-06,0.0,0.0,mark,3612.01,0.0,0.976363538858847
2025-08-06,ETH,8,-0.00032541609376944244,0.0003253631516952696,0.22438838047949625,resize,3612.01,-6.065449244153985e-05,0.9760458661406435
2025-08-06,ETH,8,-0.0002613961359798665,0.0002613619749865964,0.0,funding,3612.01,0.0,0.9757907648653915
2025-08-06,ETH,8,0.018896178638713935,0.0,0.0,mark,3698.6,0.0,0.9944047946222362
2025-08-06,ETH,8,-0.02948684377841207,0.0,0.0,mark,3564.19,0.0,0.9655110223665773
2025-08-06,ETH,8,0.02617602296105067,0.0,0.0,mark,3683.31,0.0,0.9911179426187466
2025-08-07,ETH,8,0.0,0.0,0.0,mark,3683.31,0.0,0.9911179426187466
2025-08-07,ETH,8,-0.0002625026063461607,0.00026246815555156693,0.0,funding,3683.31,0.0,0.9908578057204135
2025-08-07,ETH,8,0.05167723211775425,0.0,0.0,mark,3927.77,0.0,1.04340874363886
2025-08-07,ETH,8,-0.0594481535189916,0.0,0.0,mark,3647.63,0.0,0.9831877678208384
2025-08-07,ETH,8,0.055844485933857324,0.0,0.0,mark,3910.31,0.0,1.0396554123124422
2025-08-08,ETH,8,-2.0676817494026857e-06,0.0,0.0,mark,3910.3,0.0,1.039653262638143
2025-08-08,ETH,8,-0.00026567025405968716,0.00026563496684279555,0.0,funding,3910.3,0.0,1.0393770943781941
2025-08-08,ETH,8,0.03269611731287052,0.0,0.0,mark,4071.0,0.0,1.0739223603664716
2025-08-08,ETH,8,-0.03898258263918724,0.0,0.0,mark,3880.0,0.0,1.032863581251593
2025-08-08,ETH,8,0.02659570364412446,0.0,0.0,mark,4009.5,0.0,1.0607018634263405
2025-08-09,ETH,8,2.0266506499993896e-06,0.0,0.0,mark,4009.51,0.0,1.0607040131006398
2025-08-09,ETH,8,-0.00026700460562050616,0.00026696896306300827,0.0,funding,4009.51,0.0,1.0604208380501454
2025-08-09,ETH,8,0.062222472624753375,0.0,0.0,mark,4326.2,0.0,1.1284988734317734
2025-08-09,ETH,8,-0.0628064737806287,0.0,0.0,mark,4006.63,0.0,1.0598017318519735
2025-08-09,ETH,8,0.0502354732385575,0.0,0.0,mark,4260.62,0.0,1.1144013093775653
2025-08-10,ETH,8,1.928992911185815e-06,0.0,0.0,mark,4260.63,0.0,1.1144034590518646
2025-08-10,ETH,8,-0.0002700559160977712,0.00027001945428129377,0.0,funding,4260.63,0.0,1.1141025484380023
2025-08-10,ETH,8,0.01379116151906458,0.0,0.0,mark,4332.6,0.0,1.1295737543694044
2025-08-10,ETH,8,-0.034763380832943815,0.0,0.0,mark,4153.07,0.0,1.0909806516757174
2025-08-10,ETH,8,0.019029243830249332,0.0,0.0,mark,4250.57,0.0,1.1119399760929984
2025-08-11,ETH,8,1.933262826687967e-06,0.0,0.0,mark,4250.58,0.0,1.1119421257672977
2025-08-11,ETH,8,-0.0002700152717872581,0.0002699788209445464,0.0,funding,4250.58,0.0,1.1116419249432243
2025-08-11,ETH,8,0.022161292328858866,0.0,0.0,mark,4366.46,0.0,1.1365523507224502
2025-08-11,ETH,8,-0.03850109847428197,0.0,0.0,mark,4166.77,0.0,1.0936255046415595
2025-08-11,ETH,8,0.011034929744017942,0.0,0.0,mark,4223.22,0.0,1.1057604160605903
2025-08-12,ETH,8,0.0,0.0,0.0,mark,4223.22,0.0,1.1057604160605903
2025-08-12,ETH,8,-0.0002697770071114635,0.00026974062056678153,0.0,funding,4223.22,0.0,1.105462147559764
2025-08-12,ETH,8,0.07787582839901,0.0,0.0,mark,4639.7,0.0,1.1949917827731915
2025-08-12,ETH,8,-0.07868899893713782,0.0,0.0,mark,4219.04,0.0,1.1045635837026948
2025-08-12,ETH,8,0.06980262689125556,0.0,0.0,mark,4590.52,0.0,1.1844196845696853
2025-08-13,ETH,8,0.0,0.0,0.0,mark,4590.52,0.0,1.1844196845696853
2025-08-13,ETH,8,-0.0002737659297616604,0.00027372845928888003,0.0,funding,4590.52,0.0,1.1840954751942765
2025-08-13,ETH,8,0.03449632870997766,0.0,0.0,mark,4783.85,0.0,1.2256551284208708
2025-08-13,ETH,8,-0.039262349784369724,0.0,0.0,mark,4564.33,0.0,1.1784654782046498
2025-08-13,ETH,8,0.03318419696954314,0.0,0.0,mark,4749.3,0.0,1.218228003717106
2025-08-14,ETH,8,1.7645895481244274e-06,0.0,0.0,mark,4749.31,0.0,1.2182301533914053
2025-08-14,ETH,8,-0.00027537509146173663,0.0002753371792213175,0.0,funding,4749.31,0.0,1.2178947293373281
2025-08-14,ETH,8,0.006805858748142115,0.0,0.0,mark,4788.0,0.0,1.226211819200965
2025-08-14,ETH,8,-0.0608351816048919,0.0,0.0,mark,4451.33,0.0,1.1538387345695187
2025-08-14,ETH,8,0.017637653159784057,0.0,0.0,mark,4546.84,0.0,1.1743702738012574
2025-08-15,ETH,8,0.0,0.0,0.0,mark,4546.84,0.0,1.1743702738012574
2025-08-15,ETH,8,-0.00027348133568406123,0.0002734439430724352,0.0,funding,4546.84,0.0,1.1740491493629621
2025-08-15,ETH,8,0.022777970208729664,0.0,0.0,mark,4672.67,0.0,1.2010985010699002
2025-08-15,ETH,8,-0.05607155812294524,0.0,0.0,mark,4368.0,0.0,1.1356043741959205
2025-08-15,ETH,8,0.013438413718073122,0.0,0.0,mark,4439.47,0.0,1.1509680964123623
2025-08-16,ETH,8,0.0,0.0,0.0,mark,4439.47,0.0,1.1509680964123623
2025-08-16,ETH,8,-0.0002724524305094373,0.0002724153187164459,0.0,funding,4439.47,0.0,1.1506545550715457
2025-08-16,ETH,8,0.00947355782932032,0.0,0.0,mark,4490.42,0.0,1.161607145626012
2025-08-16,ETH,8,-0.02205637794083846,0.0,0.0,mark,4372.54,0.0,1.1362667849869443
2025-08-16,ETH,8,0.0093118300519228,0.0,0.0,mark,4421.99,0.0,1.1468969243965295
2025-08-17,ETH,8,1.8743378231937805e-06,0.0,0.0,mark,4422.0,0.0,1.1468990740708287
2025-08-17,ETH,8,-0.0002558893827926024,0.00025585664589696867,0.17645285923928872,resize,4422.0,-4.5765178850902424e-05,1.1466056323205547
2025-08-17,ETH,8,-0.00021441165229348717,0.00021438866775786702,0.0,funding,4422.0,0.0,1.1463598130665977
2025-08-17,ETH,8,0.02247585355254196,0.0,0.0,mark,4576.0,0.0,1.1724169597313667
2025-08-17,ETH,8,-0.026620170203177015,0.0,0.0,mark,4393.98,0.0,1.1416187659916182
2025-08-17,ETH,8,0.01154554776429118,0.0,0.0,mark,4472.33,0.0,1.154875762362947
2025-08-18,ETH,8,1.4651110763254539e-06,0.0,0.0,mark,4472.34,0.0,1.1548774543854579
2025-08-18,ETH,8,-0.0002152993993502268,0.0002152762240976371,0.0,funding,4472.34,0.0,1.1546288367277822
2025-08-18,ETH,8,0.0013970395880774384,0.0,0.0,mark,4481.88,0.0,1.1562430262029892
2025-08-18,ETH,8,-0.038185312897412615,0.0,0.0,mark,4225.86,0.0,1.112923865884066
2025-08-18,ETH,8,0.013159750568244923,0.0,0.0,mark,4312.99,0.0,1.127666458019789
2025-08-19,ETH,8,0.0,0.0,0.0,mark,4312.99,0.0,1.127666458019789
2025-08-19,ETH,8,-0.00021263811785231175,0.00021261551197007323,0.0,funding,4312.99,0.0,1.1274266986384858
2025-08-19,ETH,8,0.006284996187980633,0.0,0.0,mark,4355.0,0.0,1.1345348852059336
2025-08-19,ETH,8,-0.04384847999730995,0.0,0.0,mark,4067.34,0.0,1.085862165663158
2025-08-19,ETH,8,0.0012847137781614201,0.0,0.0,mark,4075.59,0.0,1.0872580842344848
2025-08-20,ETH,8,-1.5562301645175104e-06,0.0,0.0,mark,4075.58,0.0,1.087256392211974
2025-08-20,ETH,8,-0.00020840103124584644,0.00020837931725940683,0.0,funding,4075.58,0.0,1.087029830467279
2025-08-20,ETH,8,0.04599899473488975,0.0,0.0,mark,4378.0,0.0,1.1381999752358467
2025-08-20,ETH,8,-0.048427053912750574,0.0,0.0,mark,4060.0,0.0,1.0843936593956094
2025-08-20,ETH,8,0.04218778972560904,0.0,0.0,mark,4336.16,0.0,1.1311205530510808
2025-08-21,ETH,8,0.0,0.0,0.0,mark,4336.16,0.0,1.1311205530510808
2025-08-21,ETH,8,-0.00021312767258704494,0.000213104962498127,0.0,funding,4336.16,0.0,1.130879505648042
2025-08-21,ETH,8,-0.019941376299416443,0.0,0.0,mark,4204.2,0.0,1.1085515765968543
2025-08-21,ETH,8,0.020554630436134556,0.0,0.0,mark,4340.26,0.0,1.1315732348774288
2025-08-21,ETH,8,-0.017339235771610218,0.0,0.0,mark,4225.3,0.0,1.1121217440944298
2025-08-22,ETH,8,0.0,0.0,0.0,mark,4225.3,0.0,1.1121217440944298
2025-08-22,ETH,8,-0.00021122642176328864,0.00021120411503323692,0.0,funding,4225.3,0.0,1.111886859405659
2025-08-22,ETH,8,0.0960231055331536,0.0,0.0,mark,4887.59,0.0,1.223947818266762
2025-08-22,ETH,8,-0.09875229461934384,0.0,0.0,mark,4207.39,0.0,1.1088564470889966
2025-08-22,ETH,8,0.09104743542894946,0.0,0.0,mark,4832.07,0.0,1.2145537092873595
2025-08-23,ETH,8,0.0,0.0,0.0,mark,4832.07,0.0,1.2145537092873595
2025-08-23,ETH,8,-0.00022118806021169708,0.0002211635999363195,0.0,funding,4832.07,0.0,1.2142850942166976
2025-08-23,ETH,8,0.0,0.0,0.0,mark,4832.07,0.0,1.2142850942166976
2025-08-23,ETH,8,-0.0243117197957052,0.0,0.0,mark,4659.7,0.0,1.1851197021997741
2025-08-23,ETH,8,0.01680507102064544,0.0,0.0,mark,4778.4,0.0,1.2052040094017746
2025-08-24,ETH,8,0.0,0.0,0.0,mark,4778.4,0.0,1.2052040094017746
2025-08-24,ETH,8,-0.00022187108178084984,0.00022184647021258994,0.1529975656638551,resize,4778.4,-3.858891670157155e-05,1.2049366391464027
2025-08-24,ETH,8,-0.0001701899007528355,0.00017017541927331648,0.0,funding,4778.4,0.0,1.2047315885486383
2025-08-24,ETH,8,0.01915478711765782,0.0,0.0,mark,4956.78,0.0,1.2280303951332658
2025-08-24,ETH,8,-0.026488919222768623,0.0,0.0,mark,4711.0,0.0,1.195928249812211
2025-08-24,ETH,8,0.0075238437856933035,0.0,0.0,mark,4780.15,0.0,1.2049601618837829
2025-08-25,ETH,8,0.0,0.0,0.0,mark,4780.15,0.0,1.2049601618837829
2025-08-25,ETH,8,-0.00017024891106313085,0.0001702344195397302,0.0,funding,4780.15,0.0,1.204755036190056
2025-08-25,ETH,8,0.0019300887746891082,0.0,0.0,mark,4797.97,0.0,1.2070825658085003
2025-08-25,ETH,8,-0.05149350194859584,0.0,0.0,mark,4334.13,0.0,1.1464988767950814
2025-08-25,ETH,8,0.004779051514414831,0.0,0.0,mark,4376.18,0.0,1.151991167505271
2025-08-26,ETH,8,-1.1338056410896392e-06,0.0,0.0,mark,4376.17,0.0,1.1519898613719273
2025-08-26,ETH,8,-0.00016302697342908897,0.0001630136852541957,0.0,funding,4376.17,0.0,1.1518020712592496
2025-08-26,ETH,8,-0.007413093500727845,0.0,0.0,mark,4311.04,0.0,1.1432952247918384
2025-08-26,ETH,8,0.03617202062407623,0.0,0.0,mark,4633.46,0.0,1.185407576058884
2025-08-26,ETH,8,-0.003623909847036689,0.0,0.0,mark,4600.63,0.0,1.1811195402915708
2025-08-27,ETH,8,0.0,0.0,0.0,mark,4600.63,0.0,1.1811195402915708
2025-08-27,ETH,8,-0.00016716228108118903,0.00016714831024554528,0.0,funding,4600.63,0.0,1.180922118156213
2025-08-27,ETH,8,0.006976765141396905,0.0,0.0,mark,4663.93,0.0,1.18918994222173
2025-08-27,ETH,8,-0.02023709364161173,0.0,0.0,mark,4481.53,0.0,1.1653660700329416
2025-08-27,ETH,8,0.0028181802639233177,0.0,0.0,mark,4506.71,0.0,1.1686549137923368
2025-08-28,ETH,8,0.0,0.0,0.0,mark,4506.71,0.0,1.1686549137923368
2025-08-28,ETH,8,-0.0001654961129250481,0.0001654824191987868,0.0,funding,4506.71,0.0,1.1684615219499939
2025-08-28,ETH,8,-0.008611796717567215,0.0,0.0,mark,4430.0,0.0,1.1584421730705972
2025-08-28,ETH,8,0.02273698236444995,0.0,0.0,mark,4633.97,0.0,1.185083374881711
2025-08-28,ETH,8,-0.013622291699985955,0.0,0.0,mark,4511.21,0.0,1.1690492819546514
2025-08-29,ETH,8,-1.1172617728453947e-06,0.0,0.0,mark,4511.2,0.0,1.1690479758213077
2025-08-29,ETH,8,-0.0001656053052433969,0.00016559159344173798,0.0,funding,4511.2,0.0,1.1688543913041816
2025-08-29,ETH,8,0.0006199910932813826,0.0,0.0,mark,4516.75,0.0,1.169579295309926
2025-08-29,ETH,8,-0.02851707732356366,0.0,0.0,mark,4265.0,0.0,1.136697388382692
2025-08-29,ETH,8,0.01087737800415459,0.0,0.0,mark,4360.18,0.0,1.1491291655478724
2025-08-30,ETH,8,0.0,0.0,0.0,mark,4360.18,0.0,1.1491291655478724
2025-08-30,ETH,8,-0.0001628356409024795,0.00016282238389910716,0.0,funding,4360.18,0.0,1.14894206159773
2025-08-30,ETH,8,-0.011775975307821566,0.0,0.0,mark,4257.2,0.0,1.1354915004244766
2025-08-30,ETH,8,0.01805756438190977,0.0,0.0,mark,4415.61,0.0,1.1561819587217679
2025-08-30,ETH,8,-0.004745796570123914,0.0,0.0,mark,4373.7,0.0,1.15070795387839
2025-08-31,ETH,8,0.0,0.0,0.0,mark,4373.7,0.0,1.15070795387839
2025-08-31,ETH,8,-0.00016311647717451858,0.0001631031744052782,0.0,funding,4373.7,0.0,1.150520269758299
2025-08-31,ETH,8,0.014065190543317459,0.0,0.0,mark,4498.47,0.0,1.166816895487439
2025-08-31,ETH,8,-0.014186670155966018,0.0,0.0,mark,4372.63,0.0,1.150380513490525
2025-08-31,ETH,8,0.00217758084298695,0.0,0.0,mark,4391.83,0.0,1.1528882895103973
2025-09-01,ETH,8,0.0,0.0,0.0,mark,4391.83,0.0,1.1528882895103973
2025-09-01,ETH,8,-0.00016348289904669322,0.0001634695364457819,0.0,funding,4391.83,0.0,1.1526998273961373
2025-09-01,ETH,8,0.011268484136895842,0.0,0.0,mark,4491.84,0.0,1.1657624669663167
2025-09-01,ETH,8,-0.032016424100583044,0.0,0.0,mark,4210.61,0.0,1.1290300789419037
2025-09-01,ETH,8,0.011947001255200993,0.0,0.0,mark,4314.5,0.0,1.1425994982494323
2025-09-02,ETH,8,0.0,0.0,0.0,mark,4314.5,0.0,1.1425994982494323
2025-09-02,ETH,8,-0.0007153973059406011,0.0007151414702997025,0.49320101399979477,rotation,4314.5,-0.0001306133343683571,1.1417823779642906
2025-09-02,LINK,9,-0.0005480849673894475,0.000547934796260519,0.37788606638656486,entry,22.52,0.01915913194842024,1.141156755669647
2025-09-02,LINK,9,-0.00012422725981335825,0.0001242195439268183,0.0,funding,22.52,0.0,1.1410150016979086
2025-09-02,LINK,9,-0.003027011846109461,0.0,0.0,mark,22.34,0.0,1.1375663579471929
2025-09-02,LINK,9,0.02099915147781831,0.0,0.0,mark,23.6,0.0,1.1617068642022024
2025-09-02,LINK,9,-0.001815792394550306,0.0,0.0,mark,23.49,0.0,1.1595993596878762
2025-09-03,LINK,9,0.0,0.0,0.0,mark,23.49,0.0,1.1595993596878762
2025-09-03,LINK,9,-0.00012751744121596793,0.00012750931121265123,0.0,funding,23.49,0.0,1.1594514999722398
2025-09-03,LINK,9,0.006916236329866058,0.0,0.0,mark,23.91,0.0,1.1674983353905763
2025-09-03,LINK,9,-0.011553778944579388,0.0,0.0,mark,23.21,0.0,1.1540869430266822
2025-09-03,LINK,9,0.007936954861332215,0.0,0.0,mark,23.69,0.0,1.163283326361924
2025-09-04,LINK,9,0.0,0.0,0.0,mark,23.69,0.0,1.163283326361924
2025-09-04,LINK,9,-0.00012819593209133334,0.0001281877153439886,0.0,funding,23.69,0.0,1.16313420773002
2025-09-04,LINK,9,0.004601553053103388,0.0,0.0,mark,23.97,0.0,1.1684987646755776
2025-09-04,LINK,9,-0.02978880636879881,0.0,0.0,mark,22.18,0.0,1.1342039184879054
2025-09-04,LINK,9,0.002362107695940911,0.0,0.0,mark,22.32,0.0,1.1368861969606843
2025-09-05,LINK,9,0.0,0.0,0.0,mark,22.32,0.0,1.1368861969606843
2025-09-05,LINK,9,-0.0001235864571740857,0.00012357882068251706,0.0,funding,22.32,0.0,1.1367457019052136
2025-09-05,LINK,9,0.015387029965076252,0.0,0.0,mark,23.24,0.0,1.1543721032977603
2025-09-05,LINK,9,-0.020117424084224098,0.0,0.0,mark,22.04,0.0,1.131381144959656
2025-09-05,LINK,9,0.004055991986034673,0.0,0.0,mark,22.28,0.0,1.135979336627277
2025-09-06,LINK,9,0.0,0.0,0.0,mark,22.28,0.0,1.135979336627277
2025-09-06,LINK,9,-0.00012346345160721482,0.00012345583030892436,0.0,funding,22.28,0.0,1.13583909335506
2025-09-06,LINK,9,0.004040105117090674,0.0,0.0,mark,22.52,0.0,1.1404372850226807
2025-09-06,LINK,9,-0.010979937272259845,0.0,0.0,mark,21.87,0.0,1.1279838492562075
2025-09-06,LINK,9,0.005420574663873283,0.0,0.0,mark,22.19,0.0,1.134114771479702
2025-09-07,LINK,9,0.00016892041521262888,0.0,0.0,mark,22.2,0.0,1.134306362799186
2025-09-07,LINK,9,-0.00012320156048222931,0.00012319397148156298,0.0,funding,22.2,0.0,1.134166623093476
2025-09-07,LINK,9,-0.0013523296636753568,0.0,0.0,mark,22.12,0.0,1.1326338925376023
2025-09-07,LINK,9,0.008254460411883413,0.0,0.0,mark,22.61,0.0,1.1420218671923281
2025-09-07,LINK,9,-0.002351472803034072,0.0,0.0,mark,22.47,0.0,1.1393395887195492
2025-09-08,LINK,9,0.0,0.0,0.0,mark,22.47,0.0,1.1393395887195492
2025-09-08,LINK,9,-0.0001241491334393453,0.0001241414272546552,0.0,funding,22.47,0.0,1.139198149476878
2025-09-08,LINK,9,0.01402833307273514,0.0,0.0,mark,23.31,0.0,1.155291820313551
2025-09-08,LINK,9,-0.01807284161639619,0.0,0.0,mark,22.23,0.0,1.1345999578092572
2025-09-08,LINK,9,0.013585160212109704,0.0,0.0,mark,23.04,0.0,1.1501188546874774
2025-09-09,LINK,9,0.0,0.0,0.0,mark,23.04,0.0,1.1501188546874774
2025-09-09,LINK,9,-0.00012610548726783911,0.00012609753630515893,0.0,funding,23.04,0.0,1.1499738275334432
2025-09-09,LINK,9,-0.0035048384979815238,0.0,0.0,mark,22.83,0.0,1.145950409824275
2025-09-09,LINK,9,0.016416310790289174,0.0,0.0,mark,23.82,0.0,1.164917950453211
2025-09-09,LINK,9,-0.0127448812302854,0.0,0.0,mark,23.05,0.0,1.1501654188529273
2025-09-10,LINK,9,0.0,0.0,0.0,mark,23.05,0.0,1.1501654188529273
2025-09-10,LINK,9,-0.00012615511611707212,0.00012614715889500909,0.0,funding,23.05,0.0,1.1500203287530797
2025-09-10,LINK,9,-0.0026691301991300757,0.0,0.0,mark,22.89,0.0,1.1469548676413324
2025-09-10,LINK,9,0.017223343743913638,0.0,0.0,mark,23.93,0.0,1.1668803648676893
2025-09-10,LINK,9,-0.005928416405797055,0.0,0.0,mark,23.57,0.0,1.159983077366258
2025-09-11,LINK,9,0.0,0.0,0.0,mark,23.57,0.0,1.159983077366258
2025-09-11,LINK,9,-0.00012790942710464833,0.00012790124704263324,0.0,funding,23.57,0.0,1.1598347140841145
2025-09-11,LINK,9,0.015245718692708464,0.0,0.0,mark,24.5,0.0,1.1776527067961453
2025-09-11,LINK,9,-0.01954986843639928,0.0,0.0,mark,23.31,0.0,1.1548533397775251
2025-09-11,LINK,9,0.01906168183858317,0.0,0.0,mark,24.47,0.0,1.1770779328376926
2025-09-12,LINK,9,0.0,0.0,0.0,mark,24.47,0.0,1.1770779328376926
2025-09-12,LINK,9,-0.00013086515322905025,0.0001308565907582907,0.0,funding,24.47,0.0,1.1769239044323445
2025-09-12,LINK,9,-0.005059263279144653,0.0,0.0,mark,24.16,0.0,1.1709845735283342
2025-09-12,LINK,9,0.018962100418676277,0.0,0.0,mark,25.33,0.0,1.1934007579079857
2025-09-12,LINK,9,-0.0032160121123789042,0.0,0.0,mark,25.13,0.0,1.1895689315183018
2025-09-13,LINK,9,-0.00016107242284214233,0.0,0.0,mark,25.12,0.0,1.1893773401988177
2025-09-13,LINK,9,-0.0001329522509833009,0.00013294341322444712,0.0,funding,25.12,0.0,1.1892192203155998
2025-09-13,LINK,9,0.008342657374198485,0.0,0.0,mark,25.64,0.0,1.1991819689287784
2025-09-13,LINK,9,-0.019358371517829567,0.0,0.0,mark,24.44,0.0,1.176191010590674
2025-09-13,LINK,9,0.007141656131044194,0.0,0.0,mark,24.88,0.0,1.184621028647979
2025-09-14,LINK,9,0.0,0.0,0.0,mark,24.88,0.0,1.184621028647979
2025-09-14,LINK,9,-0.00013221066724250575,0.0001322019277974454,0.0,funding,24.88,0.0,1.1844644194642824
2025-09-14,LINK,9,0.0022619894103007984,0.0,0.0,mark,25.02,0.0,1.1871466979370613
2025-09-14,LINK,9,-0.01922746135781623,0.0,0.0,mark,23.84,0.0,1.1645389222379254
2025-09-14,LINK,9,0.004104594155618604,0.0,0.0,mark,24.09,0.0,1.1693287052250305
2025-09-15,LINK,9,0.00016383385140980166,0.0,0.0,mark,24.1,0.0,1.1695202965445148
2025-09-15,LINK,9,-0.00012971921058376357,0.0001297107974107018,0.0,funding,24.1,0.0,1.169368597134262
2025-09-15,LINK,9,0.005555158730204704,0.0,0.0,mark,24.44,0.0,1.1758827019967248
2025-09-15,LINK,9,-0.02424280028420118,0.0,0.0,mark,22.97,0.0,1.147718778032547
2025-09-15,LINK,9,0.009800819561428009,0.0,0.0,mark,23.56,0.0,1.159022665882115
2025-09-16,LINK,9,0.0,0.0,0.0,mark,23.56,0.0,1.159022665882115
2025-09-16,LINK,9,-0.00012796110829912984,0.00012795292162577648,0.0,funding,23.56,0.0,1.158874365545785
2025-09-16,LINK,9,-0.007634031684163138,0.0,0.0,mark,23.1,0.0,1.1500611648495116
2025-09-16,LINK,9,0.010935084371683938,0.0,0.0,mark,23.76,0.0,1.1627061919354689
2025-09-16,LINK,9,-0.004624530963507073,0.0,0.0,mark,23.48,0.0,1.1573416349899113
2025-09-17,LINK,9,0.0001655306065349094,0.0,0.0,mark,23.49,0.0,1.1575332263093954
2025-09-17,LINK,9,-0.00012774506739958037,0.00012773690834591325,0.0,funding,23.49,0.0,1.157385366593759
2025-09-17,LINK,9,0.012338915448412865,0.0,0.0,mark,24.24,0.0,1.1717547155550743
2025-09-17,LINK,9,-0.024664378734619945,0.0,0.0,mark,22.75,0.0,1.143207608951928
2025-09-17,LINK,9,0.020568300191981533,0.0,0.0,mark,23.99,0.0,1.1669649325679692
2025-09-18,LINK,9,0.00016416568159705852,0.0,0.0,mark,24.0,0.0,1.1671565238874535
2025-09-18,LINK,9,-0.0005714129061412369,0.0005712496808776924,0.3939652971570291,rotation,24.0,-0.01915913194842024,1.1664897860956485
2025-10-02,AVAX,10,-0.0008650466661533851,0.0008646726211493588,0.5963259456202474,entry,30.74,0.022628761377678847,1.1654811543147612
2025-10-02,AVAX,10,-0.00019610695455321632,0.00019608772684118566,0.0,funding,30.74,0.0,1.1652526177645353
2025-10-02,AVAX,10,-0.024773053212108723,0.0,0.0,mark,29.48,0.0,1.13674037842866
2025-10-02,AVAX,10,0.0371250086335844,0.0,0.0,mark,31.38,0.0,1.1797350250462497
2025-10-02,AVAX,10,-0.007702074436293804,0.0,0.0,mark,30.98,0.0,1.1706835204951782
2025-10-03,AVAX,10,-0.00019331397666308618,0.0,0.0,mark,30.97,0.0,1.1704572328814014
2025-10-03,AVAX,10,-0.00019673434308098268,0.00019671499214912757,0.0,funding,30.97,0.0,1.1702269863960242
2025-10-03,AVAX,10,0.011535452216711041,0.0,0.0,mark,31.57,0.0,1.1838042432226314
2025-10-03,AVAX,10,-0.030667639672834167,0.0,0.0,mark,29.99,0.0,1.148050800245899
2025-10-03,AVAX,10,0.025685272879077185,0.0,0.0,mark,31.31,0.0,1.177920765264435
2025-10-04,AVAX,10,0.00019208921978394424,0.0,0.0,mark,31.32,0.0,1.1781470528782119
2025-10-04,AVAX,10,-0.0001976591743141886,0.00019763964102663856,0.0,funding,31.32,0.0,1.1779142043176045
2025-10-04,AVAX,10,0.002302651743049867,0.0,0.0,mark,31.44,0.0,1.180629655682926
2025-10-04,AVAX,10,-0.030949054691060247,0.0,0.0,mark,29.85,0.0,1.1446499250924167
2025-10-04,AVAX,10,0.00532347687223513,0.0,0.0,mark,30.12,0.0,1.15075969066439
2025-10-05,AVAX,10,0.0,0.0,0.0,mark,30.12,0.0,1.15075969066439
2025-10-05,AVAX,10,-0.00019460965789416164,0.00019459072266304414,0.0,funding,30.12,0.0,1.150535763504572
2025-10-05,AVAX,10,-0.009684069819179537,0.0,0.0,mark,29.63,0.0,1.1394476704295093
2025-10-05,AVAX,10,0.03089564792029937,0.0,0.0,mark,31.21,0.0,1.175201113406242
2025-10-05,AVAX,10,-0.02219546299933677,0.0,0.0,mark,30.07,0.0,1.149404325435688
2025-10-06,AVAX,10,0.0,0.0,0.0,mark,30.07,0.0,1.149404325435688
2025-10-06,AVAX,10,-0.00019451569222619222,0.0001944967752755295,0.0,funding,30.07,0.0,1.1491807700009031
2025-10-06,AVAX,10,0.01872711076246693,0.0,0.0,mark,31.03,0.0,1.170904380923475
2025-10-06,AVAX,10,-0.021290250270379153,0.0,0.0,mark,29.94,0.0,1.146239031021805
2025-10-06,AVAX,10,0.013140258154341874,0.0,0.0,mark,30.61,0.0,1.1614003011448497
2025-10-07,AVAX,10,0.0,0.0,0.0,mark,30.61,0.0,1.1614003011448497
2025-10-07,AVAX,10,-0.00019596375460402977,0.00019594455496176486,0.0,funding,30.61,0.0,1.1611727310797095
2025-10-07,AVAX,10,0.0023358120074662343,0.0,0.0,mark,30.73,0.0,1.1638881824450311
2025-10-07,AVAX,10,-0.05844699200455724,0.0,0.0,mark,27.81,0.0,1.0978121992222087
2025-10-07,AVAX,10,0.002470457647052401,0.0,0.0,mark,27.93,0.0,1.1005276505875303
2025-10-08,AVAX,10,-0.00020563852364712548,0.0,0.0,mark,27.92,0.0,1.1003013629737535
2025-10-08,AVAX,10,-0.00018866725691869468,0.00018864946037089905,0.0,funding,27.92,0.0,1.100093791715383
2025-10-08,AVAX,10,0.03456995259936892,0.0,0.0,mark,29.63,0.0,1.1387889736712138
2025-10-08,AVAX,10,-0.036216895855014614,0.0,0.0,mark,27.84,0.0,1.0982834908051686
2025-10-08,AVAX,10,0.01999052884868036,0.0,0.0,mark,28.82,0.0,1.120459676955294
2025-10-09,AVAX,10,0.0,0.0,0.0,mark,28.82,0.0,1.120459676955294
2025-10-09,AVAX,10,-0.00019124543467907197,0.00019122714843675738,0.0,funding,28.82,0.0,1.1202454146463314
2025-10-09,AVAX,10,0.0016146817027808292,0.0,0.0,mark,28.9,0.0,1.1220557155565456
2025-10-09,AVAX,10,-0.0269814991439701,0.0,0.0,mark,27.58,0.0,1.0921857505380095
2025-10-09,AVAX,10,0.016439161230239956,0.0,0.0,mark,28.38,0.0,1.1102887596401525
2025-10-10,AVAX,10,0.0,0.0,0.0,mark,28.38,0.0,1.1102887596401525
2025-10-10,AVAX,10,-0.00019005072057511977,0.00019003266208099745,0.0,funding,28.38,0.0,1.1100777685114795
2025-10-10,AVAX,10,0.0048804336810779865,0.0,0.0,mark,28.62,0.0,1.1155086712421225
2025-10-10,AVAX,10,-0.14276677678866145,0.0,0.0,mark,22.061467437739857,0.0,0.967097202903001
2025-10-10,AVAX,10,-0.0007487824214139617,0.0007485021538141832,0.516208381940816,stop,22.061467437739857,-0.022628761377678847,0.9663733285636805
2025-11-02,BNB,11,-0.0008314006226928102,0.0008310551049562472,0.5731414516939636,entry,1094.54,0.0005060286626448695,0.9655702190756841
2025-11-02,BNB,11,-0.00018847547208836735,0.000188457711702381,0.0,funding,1094.54,0.0,0.9653882499217091
2025-11-02,BNB,11,0.00019916519973111333,0.0,0.0,mark,1094.92,0.0,0.9655805408135142
2025-11-02,BNB,11,-0.012222255822828343,0.0,0.0,mark,1071.74,0.0,0.9538507964134061
2025-11-02,BNB,11,0.00608761829920801,0.0,0.0,mark,1083.25,0.0,0.9596751863204486
2025-11-03,BNB,11,0.0,0.0,0.0,mark,1083.25,0.0,0.9596751863204486
2025-11-03,BNB,11,-0.00018767711698658088,0.00018765950673806138,0.0,funding,1083.25,0.0,0.9594950941483549
2025-11-03,BNB,11,0.0021020774523997266,0.0,0.0,mark,1087.24,0.0,0.9615141485123079
2025-11-03,BNB,11,-0.06921025166596517,0.0,0.0,mark,960.18,0.0,0.8972181466366507
2025-11-03,BNB,11,0.018640139911722853,0.0,0.0,mark,993.54,0.0,0.9140992628224835
2025-11-04,BNB,11,0.0,0.0,0.0,mark,993.54,0.0,0.9140992628224835
2025-11-04,BNB,11,-0.0007978263050906435,0.0007975081263068877,0.5500056043495778,rotation,993.54,-0.0005060286626448695,0.9133702612321315
2026-03-02,TRX,1,-0.0007247373144570303,0.0007244747558020435,0.4996377626220989,entry,0.2807,1.7799706541578157,0.9992755252441979
2026-03-02,TRX,1,-0.00016428454119421496,0.00016427104722792604,0.0,funding,0.2807,0.0,0.9991113732071968
2026-03-02,TRX,1,0.0047986632115617775,0.0,0.0,mark,0.2834,0.0,1.0039172939734229
2026-03-02,TRX,1,-0.004976834462175209,0.0,0.0,mark,0.2806,0.0,0.998933376141781
2026-03-02,TRX,1,0.0046221665362907215,0.0,0.0,mark,0.2832,0.0,1.0035612998425913
2026-03-03,TRX,1,0.00017734968660930686,0.0,0.0,mark,0.2833,0.0,1.003739296908007
2026-03-03,TRX,1,-0.0001650689370491409,0.00016505531392174865,0.0,funding,0.2833,0.0,1.0035736244032603
2026-03-03,TRX,1,0.0005319481979506318,0.0,0.0,mark,0.2836,0.0,1.0041076155995077
2026-03-03,TRX,1,-0.006045379577050338,0.0,0.0,mark,0.2802,0.0,0.9980557153753711
2026-03-03,TRX,1,0.0005348883713745153,0.0,0.0,mark,0.2805,0.0,0.9985897065716185
2026-03-04,TRX,1,-0.00017826433617338085,0.0,0.0,mark,0.2804,0.0,0.9984117095062026
2026-03-04,TRX,1,-0.00016425094365162446,0.00016423745520388996,0.0,funding,0.2804,0.0,0.9982477329077876
2026-03-04,TRX,1,0.013460522183303696,0.0,0.0,mark,0.288,0.0,1.011775509879387
2026-03-04,TRX,1,-0.015959976376364465,0.0,0.0,mark,0.279,0.0,0.9957557739919668
2026-03-04,TRX,1,0.014375392504701594,0.0,0.0,mark,0.2871,0.0,1.010173536290645
2026-03-05,TRX,1,-0.000176219968946004,0.0,0.0,mark,0.287,0.0,1.009995539225229
2026-03-05,TRX,1,-0.00016618904485033746,0.00016617523621599933,0.0,funding,0.287,0.0,1.0098277029779212
2026-03-05,TRX,1,0.0019370353968547708,0.0,0.0,mark,0.2881,0.0,1.0117856706974948
2026-03-05,TRX,1,-0.010078265684148427,0.0,0.0,mark,0.2824,0.0,1.0016398379687952
2026-03-05,TRX,1,0.004963420219231204,0.0,0.0,mark,0.2852,0.0,1.0066237558004372
2026-03-06,TRX,1,0.0,0.0,0.0,mark,0.2852,0.0,1.0066237558004372
2026-03-06,TRX,1,-0.00016569987865339725,0.00016568615118666677,0.0,funding,0.2852,0.0,1.0064569721846455
2026-03-06,TRX,1,-0.0014158427672674465,0.0,0.0,mark,0.2844,0.0,1.005032995661319
2026-03-06,TRX,1,0.005122920509749289,0.0,0.0,mark,0.2873,0.0,1.0101949105583767
2026-03-06,TRX,1,-0.0047687718413321365,0.0,0.0,mark,0.2846,0.0,1.0053889897921506
2026-03-07,TRX,1,-0.00017705865654876022,0.0,0.0,mark,0.2845,0.0,1.0052109927267348
2026-03-07,TRX,1,-0.0007307428170689265,0.0007304758895589065,0.5037764755578665,rotation,0.2845,-1.7799706541578157,1.0044767103326282
2026-04-02,TRX,2,-0.0007247373144571415,0.0007244747558020435,0.4996377626220989,entry,0.3156,1.5902233718523464,1.003748992313201
2026-04-02,TRX,2,-0.0001642845411941039,0.00016427104722792606,0.0,funding,0.3156,0.0,1.0035841054150798
2026-04-02,TRX,2,0.001583290132825459,0.0,0.0,mark,0.3166,0.0,1.0051743287869321
2026-04-02,TRX,2,-0.005711614866788485,0.0,0.0,mark,0.313,0.0,0.9994495246482638
2026-04-02,TRX,2,0.0034943061072596707,0.0,0.0,mark,0.3152,0.0,1.0029480160663389
2026-04-03,TRX,2,0.00015854234624716146,0.0,0.0,mark,0.3153,0.0,1.003107038403524
2026-04-03,TRX,2,-0.00016423340948403423,0.00016421992391586236,0.0,funding,0.3153,0.0,1.002942308241998
2026-04-03,TRX,2,0.0003170613649283271,0.0,0.0,mark,0.3155,0.0,1.0032603529163684
2026-04-03,TRX,2,-0.004288833848627855,0.0,0.0,mark,0.3128,0.0,0.9989667498123671
2026-04-03,TRX,2,0.003654610558977598,0.0,0.0,mark,0.3151,0.0,1.0026242635676275
2026-04-04,TRX,2,0.0,0.0,0.0,mark,0.3151,0.0,1.0026242635676275
2026-04-04,TRX,2,-0.00016420826152187135,0.00016419478008327737,0.0,funding,0.3151,0.0,1.0024596378971649
2026-04-04,TRX,2,0.004589783436584866,0.0,0.0,mark,0.318,0.0,1.0070712856755366
2026-04-04,TRX,2,-0.004748428179510675,0.0,0.0,mark,0.315,0.0,1.0023006155599796
2026-04-04,TRX,2,0.004116605659357768,0.0,0.0,mark,0.3176,0.0,1.0064351963267957
2026-04-05,TRX,2,0.0,0.0,0.0,mark,0.3176,0.0,1.0064351963267957
2026-04-05,TRX,2,-0.0001648844252691971,0.0001648708325795355,0.0,funding,0.3176,0.0,1.00626926451804
2026-04-05,TRX,2,0.0033131688909870476,0.0,0.0,mark,0.3197,0.0,1.0096087335989299
2026-04-05,TRX,2,-0.004103639206903517,0.0,0.0,mark,0.3171,0.0,1.0054741528321138
2026-04-05,TRX,2,0.0028427736390685097,0.0,0.0,mark,0.3189,0.0,1.008336554901448
2026-04-06,TRX,2,0.0,0.0,0.0,mark,0.3189,0.0,1.008336554901448
2026-04-06,TRX,2,-0.00016524717490004005,0.00016523352233763312,0.0,funding,0.3189,0.0,1.0081699439007799
2026-04-06,TRX,2,0.0009459544161016585,0.0,0.0,mark,0.3195,0.0,1.0091240779238912
2026-04-06,TRX,2,-0.00632333113407496,0.0,0.0,mark,0.3155,0.0,1.002763184436482
2026-04-06,TRX,2,0.00158458528093382,0.0,0.0,mark,0.3165,0.0,1.0043534078083343
2026-04-07,TRX,2,0.0,0.0,0.0,mark,0.3165,0.0,1.0043534078083343
2026-04-07,TRX,2,-0.0001646539159844634,0.00016464036127245148,0.0,funding,0.3165,0.0,1.0041880507004275
2026-04-07,TRX,2,0.0006332359484180176,0.0,0.0,mark,0.3169,0.0,1.0048241400491684
2026-04-07,TRX,2,-0.005713611104774071,0.0,0.0,mark,0.3133,0.0,0.9990993359105
2026-04-07,TRX,2,0.0036541264566369476,0.0,0.0,mark,0.3156,0.0,1.0027568496657604
2026-04-08,TRX,2,0.0,0.0,0.0,mark,0.3156,0.0,1.0027568496657604
2026-04-08,TRX,2,-0.0001644471001458257,0.00016443357946268355,0.0,funding,0.3156,0.0,1.0025919627676392
2026-04-08,TRX,2,0.004273359195921354,0.0,0.0,mark,0.3183,0.0,1.0068855658716405
2026-04-08,TRX,2,-0.005701880051366138,0.0,0.0,mark,0.3147,0.0,1.0011607617329719
2026-04-08,TRX,2,0.005227963171718981,0.0,0.0,mark,0.318,0.0,1.0064084988600845
2026-04-09,TRX,2,0.0,0.0,0.0,mark,0.318,0.0,1.0064084988600845
2026-04-09,TRX,2,-0.00016509648525274236,0.00016508285757803516,0.0,funding,0.318,0.0,1.006242358069202
2026-04-09,TRX,2,0.004100512740770411,0.0,0.0,mark,0.3206,0.0,1.010376938836018
2026-04-09,TRX,2,-0.006632288117071841,0.0,0.0,mark,0.3164,0.0,1.0036980006742382
2026-04-09,TRX,2,0.006160009251219652,0.0,0.0,mark,0.3203,0.0,1.0098998718244623
2026-04-10,TRX,2,-0.00015747586769851335,0.0,0.0,mark,0.3202,0.0,1.009740849487277
2026-04-10,TRX,2,-0.0001656900898997015,0.0001656763640547174,0.0,funding,0.3202,0.0,1.0095735592946964
2026-04-10,TRX,2,0.0009446398717180206,0.0,0.0,mark,0.3208,0.0,1.0105276933178078
2026-04-10,TRX,2,-0.005997845487440233,0.0,0.0,mark,0.317,0.0,1.004484844504769
2026-04-10,TRX,2,0.0034768201319428332,0.0,0.0,mark,0.3192,0.0,1.007983335922844
2026-04-11,TRX,2,-0.00015777530912127884,0.0,0.0,mark,0.3191,0.0,1.0078243135856588
2026-04-11,TRX,2,-0.00016543486810344,0.00016542118451028898,0.0,funding,0.3191,0.0,1.0076575980939273
2026-04-11,TRX,2,0.0014193170513618959,0.0,0.0,mark,0.32,0.0,1.0090887991285944
2026-04-11,TRX,2,-0.0041057579595338255,0.0,0.0,mark,0.3174,0.0,1.0049542183617783
2026-04-11,TRX,2,0.002370763363146441,0.0,0.0,mark,0.3189,0.0,1.0073395534195568
2026-04-12,TRX,2,0.0,0.0,0.0,mark,0.3189,0.0,1.0073395534195568
2026-04-12,TRX,2,-0.0001654107397122398,0.0001653970601100451,0.0,funding,0.3189,0.0,1.0071729424188887
2026-04-12,TRX,2,0.006452618916639132,0.0,0.0,mark,0.323,0.0,1.0136928582434832
2026-04-12,TRX,2,-0.007242379709220382,0.0,0.0,mark,0.3184,0.0,1.0063778307329625
2026-04-12,TRX,2,0.004571954537236461,0.0,0.0,mark,0.3213,0.0,1.0109894785113342
2026-04-13,TRX,2,0.0,0.0,0.0,mark,0.3213,0.0,1.0109894785113342
2026-04-13,TRX,2,-0.00016605398443873817,0.00016604019823897396,0.0,funding,0.3213,0.0,1.0108216136179047
2026-04-13,TRX,2,0.0015719626411248781,0.0,0.0,mark,0.3223,0.0,1.012411836989757
2026-04-13,TRX,2,-0.004881149491579256,0.0,0.0,mark,0.3192,0.0,1.0074821445370148
2026-04-13,TRX,2,0.0018923046068684529,0.0,0.0,mark,0.3204,0.0,1.0093904125832376
2026-04-14,TRX,2,0.0001575305353556374,0.0,0.0,mark,0.3205,0.0,1.0095494349204228
2026-04-14,TRX,2,-0.00016587678774959512,0.0001658630309559283,0.0,funding,0.3205,0.0,1.0093819879912471
2026-04-14,TRX,2,0.005028750893664527,0.0,0.0,mark,0.3237,0.0,1.0144707027811746
2026-04-14,TRX,2,-0.005816782603311207,0.0,0.0,mark,0.32,0.0,1.008586876305321
2026-04-14,TRX,2,0.005816782603311322,0.0,0.0,mark,0.3237,0.0,1.0144707027811746
2026-04-15,TRX,2,0.0,0.0,0.0,mark,0.3237,0.0,1.0144707027811746
2026-04-15,TRX,2,-0.000166720324094562,0.00016670642703360246,0.0,funding,0.3237,0.0,1.0143015839949836
2026-04-15,TRX,2,0.007497271473961447,0.0,0.0,mark,0.3285,0.0,1.021934656179875
2026-04-15,TRX,2,-0.01079508608372686,0.0,0.0,mark,0.3216,0.0,1.0109621149140937
2026-04-15,TRX,2,0.008770118856183198,0.0,0.0,mark,0.3272,0.0,1.0198673657964668
2026-04-16,TRX,2,0.0,0.0,0.0,mark,0.3272,0.0,1.0198673657964668
2026-04-16,TRX,2,-0.00016763131560262824,0.00016761726625869557,0.0,funding,0.3272,0.0,1.0196964184166655
2026-04-16,TRX,2,0.0009352665074031668,0.0,0.0,mark,0.3278,0.0,1.0206505524397769
2026-04-16,TRX,2,-0.00437208027875027,0.0,0.0,mark,0.325,0.0,1.0161979269985904
2026-04-16,TRX,2,0.0031248637848408697,0.0,0.0,mark,0.327,0.0,1.019378373742295
2026-04-17,TRX,2,0.0,0.0,0.0,mark,0.327,0.0,1.019378373742295
2026-04-17,TRX,2,-0.00016760921259463944,0.00016759516695515335,0.0,funding,0.327,0.0,1.019207530853557
2026-04-17,TRX,2,0.0015590387981674184,0.0,0.0,mark,0.328,0.0,1.0207977542254094
2026-04-17,TRX,2,-0.007191790028880206,0.0,0.0,mark,0.3234,0.0,1.0134827267148887
2026-04-17,TRX,2,0.00688017665677592,0.0,0.0,mark,0.3278,0.0,1.020479709551039
2026-04-18,TRX,2,0.0,0.0,0.0,mark,0.3278,0.0,1.020479709551039
2026-04-18,TRX,2,-0.00016783795290205888,0.0001678238689007857,0.0,funding,0.3278,0.0,1.0203084486980474
2026-04-18,TRX,2,0.003578304006501624,0.0,0.0,mark,0.3301,0.0,1.0239659624533077
2026-04-18,TRX,2,-0.0056065019811413755,0.0,0.0,mark,0.3265,0.0,1.0182411583146393
2026-04-18,TRX,2,0.004674265103476052,0.0,0.0,mark,0.3295,0.0,1.0230118284301963
2026-04-19,TRX,2,0.0,0.0,0.0,mark,0.3295,0.0,1.0230118284301963
2026-04-19,TRX,2,-0.00016829083320874118,0.00016827667310071728,0.0,funding,0.3295,0.0,1.0228396794031653
2026-04-19,TRX,2,0.010977991545667348,0.0,0.0,mark,0.3366,0.0,1.034130265343317
2026-04-19,TRX,2,-0.014092264258799447,0.0,0.0,mark,0.3275,0.0,1.0196592326594607
2026-04-19,TRX,2,0.0024921935828235826,0.0,0.0,mark,0.3291,0.0,1.0222035900544244
2026-04-20,TRX,2,-0.00015558026739702696,0.0,0.0,mark,0.329,0.0,1.0220445677172392
2026-04-20,TRX,2,-0.00016819448045316535,0.00016818033655441287,0.0,funding,0.329,0.0,1.0218726799178668
2026-04-20,TRX,2,0.006205448023947822,0.0,0.0,mark,0.333,0.0,1.028233573405276
2026-04-20,TRX,2,-0.010416000622880223,0.0,0.0,mark,0.3263,0.0,1.0175790768138653
2026-04-20,TRX,2,0.003743587960074011,0.0,0.0,mark,0.3287,0.0,1.0213956129063109
2026-04-21,TRX,2,0.0001556791093178335,0.0,0.0,mark,0.3288,0.0,1.021554635243496
2026-04-21,TRX,2,-0.00016817284894102397,0.00016815870868022687,0.0,funding,0.3288,0.0,1.0213828519351873
2026-04-21,TRX,2,0.01068553472760773,0.0,0.0,mark,0.3357,0.0,1.0323553932009686
2026-04-21,TRX,2,-0.011775981260203355,0.0,0.0,mark,0.3281,0.0,1.0202696955748907
2026-04-21,TRX,2,0.007762942281803794,0.0,0.0,mark,0.3331,0.0,1.0282208124341523
2026-04-22,TRX,2,0.0,0.0,0.0,mark,0.3331,0.0,1.0282208124341523
2026-04-22,TRX,2,-0.00016926772275311982,0.0001692533977803798,0.0,funding,0.3331,0.0,1.0280467825679793
2026-04-22,TRX,2,0.0033972696406011495,0.0,0.0,mark,0.3353,0.0,1.0315452739860544
2026-04-22,TRX,2,-0.012097306652972442,0.0,0.0,mark,0.3275,0.0,1.0191415316856063
2026-04-22,TRX,2,0.003115852231567378,0.0,0.0,mark,0.3295,0.0,1.022321978429311
2026-04-23,TRX,2,0.00015553805342009093,0.0,0.0,mark,0.3296,0.0,1.0224810007664962
2026-04-23,TRX,2,-0.00016842931527520318,0.00016841513185433246,0.0,funding,0.3296,0.0,1.0223087994939335
2026-04-23,TRX,2,0.001088272703775109,0.0,0.0,mark,0.3303,0.0,1.0234219558542301
2026-04-23,TRX,2,-0.006078371533846956,0.0,0.0,mark,0.3264,0.0,1.017220084704006
2026-04-23,TRX,2,0.0037449066572502183,0.0,0.0,mark,0.3288,0.0,1.0210366207964516
2026-04-24,TRX,2,0.0,0.0,0.0,mark,0.3288,0.0,1.0210366207964516
2026-04-24,TRX,2,-0.00016825817721717094,0.00016824402260405533,0.0,funding,0.3288,0.0,1.0208648374881428
2026-04-24,TRX,2,0.00015576004482116014,0.0,0.0,mark,0.3289,0.0,1.021023859825328
2026-04-24,TRX,2,-0.014274457281281074,0.0,0.0,mark,0.3198,0.0,1.0065528271414717
2026-04-24,TRX,2,0.005671421747825732,0.0,0.0,mark,0.3234,0.0,1.0122776312801403
2026-04-25,TRX,2,0.0,0.0,0.0,mark,0.3234,0.0,1.0122776312801403
2026-04-25,TRX,2,-0.00016692668780199932,0.0001669127563177241,0.0,funding,0.3234,0.0,1.0121086692305445
2026-04-25,TRX,2,0.0018836626952787705,0.0,0.0,mark,0.3246,0.0,1.0140169372767673
2026-04-25,TRX,2,-0.004243241691438461,0.0,0.0,mark,0.3219,0.0,1.009723334172766
2026-04-25,TRX,2,0.0031448697006481716,0.0,0.0,mark,0.3239,0.0,1.0129037809164707
2026-04-26,TRX,2,0.0,0.0,0.0,mark,0.3239,0.0,1.0129037809164707
2026-04-26,TRX,2,-0.0001670814324817941,0.00016706747515667585,0.0,funding,0.3239,0.0,1.0127345576392164
2026-04-26,TRX,2,0.001098555422914338,0.0,0.0,mark,0.3246,0.0,1.013847713999513
2026-04-26,TRX,2,-0.0026700167445032753,0.0,0.0,mark,0.3229,0.0,1.011144334267364
2026-04-26,TRX,2,0.0007860393470985004,0.0,0.0,mark,0.3234,0.0,1.0119394459532902
2026-04-27,TRX,2,0.0,0.0,0.0,mark,0.3234,0.0,1.0119394459532902
2026-04-27,TRX,2,-0.0001669824785613185,0.00016696853776322114,0.0,funding,0.3234,0.0,1.0117704839036945
2026-04-27,TRX,2,0.004547641721572405,0.0,0.0,mark,0.3263,0.0,1.0163821316820663
2026-04-27,TRX,2,-0.005019269948650208,0.0,0.0,mark,0.3231,0.0,1.0112934168921388
2026-04-27,TRX,2,0.003453452677014105,0.0,0.0,mark,0.3253,0.0,1.014791908310214
2026-04-28,TRX,2,0.0001566921035103248,0.0,0.0,mark,0.3254,0.0,1.0149509306473992
2026-04-28,TRX,2,-0.00016751667001200891,0.0001675026398781525,0.0,funding,0.3254,0.0,1.014780923687169
2026-04-28,TRX,2,0.0006266279342020194,0.0,0.0,mark,0.3258,0.0,1.01541701303591
2026-04-28,TRX,2,-0.005338895546830761,0.0,0.0,mark,0.3224,0.0,1.010010253571612
2026-04-28,TRX,2,0.0009442316341493286,0.0,0.0,mark,0.323,0.0,1.0109643875947234
2026-04-29,TRX,2,0.0,0.0,0.0,mark,0.323,0.0,1.0109643875947234
2026-04-29,TRX,2,-0.0001669367936987667,0.00016692286052760397,0.0,funding,0.323,0.0,1.0107956345272546
2026-04-29,TRX,2,0.0018861072878356123,0.0,0.0,mark,0.3242,0.0,1.0127039025734774
2026-04-29,TRX,2,-0.004248755026945723,0.0,0.0,mark,0.3215,0.0,1.0084102994694761
2026-04-29,TRX,2,0.0026772460990206414,0.0,0.0,mark,0.3232,0.0,1.011113679201625
2026-04-30,TRX,2,-0.00015728680843940822,0.0,0.0,mark,0.3231,0.0,1.0109546568644399
2026-04-30,TRX,2,-0.00016699008867877252,0.00016697614660991463,0.0,funding,0.3231,0.0,1.0107858515514392
2026-04-30,TRX,2,0.006116945764480214,0.0,0.0,mark,0.327,0.0,1.0169877227016633
2026-04-30,TRX,2,-0.006116945764480219,0.0,0.0,mark,0.3231,0.0,1.0107858515514392
2026-04-30,TRX,2,0.0054912859427720135,0.0,0.0,mark,0.3266,0.0,1.0163516333529223
2026-05-01,TRX,2,0.0,0.0,0.0,mark,0.3266,0.0,1.0163516333529223
2026-05-01,TRX,2,-0.0001679027477918849,0.0001678886529143448,0.0,funding,0.3266,0.0,1.0161809994463114
2026-05-01,TRX,2,0.00140742064725736,0.0,0.0,mark,0.3275,0.0,1.0176122004809784
2026-05-01,TRX,2,-0.0034438650010577953,0.0,0.0,mark,0.3253,0.0,1.0141137090629033
2026-05-01,TRX,2,0.0026622092014672383,0.0,0.0,mark,0.327,0.0,1.0168170887950523
2026-05-02,TRX,2,-0.00015640450496637784,0.0,0.0,mark,0.3269,0.0,1.016658066457867
2026-05-02,TRX,2,-1.6948541038773788e-05,1.6948397413167737e-05,0.01168854994011568,resize,0.3269,-0.03635135693427416,1.0166408357329235
2026-05-02,TRX,2,-0.00016416829403909019,0.00016415481916221269,0.0,funding,0.3269,0.0,1.016473949240381
2026-05-02,TRX,2,-0.0010706548814064917,0.0,0.0,mark,0.3262,0.0,1.0153862388299382
2026-05-02,TRX,2,0.012319444096331497,0.0,0.0,mark,0.3343,0.0,1.0279726021507745
2026-05-02,TRX,2,-0.006521048331328093,0.0,0.0,mark,0.33,0.0,1.0212909524866267
2026-05-03,TRX,2,-0.00015215940494276383,0.0,0.0,mark,0.3299,0.0,1.0211355652851348
2026-05-03,TRX,2,-0.00016494569934128006,0.0001649320965473605,0.0,funding,0.3299,0.0,1.0209671472554933
2026-05-03,TRX,2,0.020934589960110862,0.0,0.0,mark,0.3438,0.0,1.0425659682628545
2026-05-03,TRX,2,-0.021848183662524865,0.0,0.0,mark,0.3293,0.0,1.0200348240465424
2026-05-03,TRX,2,0.013917537931063212,0.0,0.0,mark,0.3385,0.0,1.0343304465837888
2026-05-04,TRX,2,0.00015021846382251084,0.0,0.0,mark,0.3386,0.0,1.0344858337852807
2026-05-04,TRX,2,-0.00016711096985867958,0.00016709700759828745,0.0,funding,0.3386,0.0,1.0343129742980524
2026-05-04,TRX,2,0.004646389627578164,0.0,0.0,mark,0.3417,0.0,1.0391299775442984
2026-05-04,TRX,2,-0.008258480218295687,0.0,0.0,mark,0.3362,0.0,1.0305836814622489
2026-05-04,TRX,2,0.00676200238971185,0.0,0.0,mark,0.3407,0.0,1.0375761055293802
2026-05-05,TRX,2,-0.00014977102614883452,0.0,0.0,mark,0.3406,0.0,1.0374207183278883
2026-05-05,TRX,2,-0.00016762253003193794,0.00016760848216063675,0.0,funding,0.3406,0.0,1.0372468378159274
2026-05-05,TRX,2,0.008205645740608681,0.0,0.0,mark,0.3461,0.0,1.045793133897977
2026-05-05,TRX,2,-0.013011008267358591,0.0,0.0,mark,0.3374,0.0,1.0322744473681895
2026-05-05,TRX,2,0.011077559864879495,0.0,0.0,mark,0.3448,0.0,1.0437731002785833
2026-05-06,TRX,2,-0.000148881753033223,0.0,0.0,mark,0.3447,0.0,1.0436177130770914
2026-05-06,TRX,2,-0.0001686330620485803,0.00016861884429299217,0.0,funding,0.3447,0.0,1.0434417394644286
2026-05-06,TRX,2,-0.004178419962357672,0.0,0.0,mark,0.3419,0.0,1.039090897822658
2026-05-06,TRX,2,0.008339453354534475,0.0,0.0,mark,0.3475,0.0,1.0477925811061992
2026-05-06,TRX,2,-0.001781180340754459,0.0,0.0,mark,0.3463,0.0,1.0459279346882975
2026-05-07,TRX,2,0.0,0.0,0.0,mark,0.3463,0.0,1.0459279346882975
2026-05-07,TRX,2,-0.0001690416418554538,0.00016902735512224073,0.0,funding,0.3463,0.0,1.0457511442558487
2026-05-07,TRX,2,-0.0035725117720084177,0.0,0.0,mark,0.3439,0.0,1.0420218514200452
2026-05-07,TRX,2,0.008759653098401163,0.0,0.0,mark,0.3498,0.0,1.0511896963080618
2026-05-07,TRX,2,-0.001183262370870063,0.0,0.0,mark,0.349,0.0,1.0499465986961274
2026-05-08,TRX,2,0.0,0.0,0.0,mark,0.349,0.0,1.0499465986961274
2026-05-08,TRX,2,-0.00016970761635796457,0.0001696932168351155,0.0,funding,0.349,0.0,1.0497684298802896
2026-05-08,TRX,2,0.0044307832409290855,0.0,0.0,mark,0.352,0.0,1.0544300459250437
2026-05-08,TRX,2,-0.007692547041425908,0.0,0.0,mark,0.3468,0.0,1.0463499114474697
2026-05-08,TRX,2,0.005036433611862204,0.0,0.0,mark,0.3502,0.0,1.0516330762981911
2026-05-09,TRX,2,-0.0001477689186241668,0.0,0.0,mark,0.3501,0.0,1.0514776890966993
2026-05-09,TRX,2,-0.00016999464023625713,0.0001699801919661315,0.0,funding,0.3501,0.0,1.0512989587172585
2026-05-09,TRX,2,-0.0005913946829842388,0.0,0.0,mark,0.3497,0.0,1.0506774099112912
2026-05-09,TRX,2,0.005604178333887391,0.0,0.0,mark,0.3535,0.0,1.0565821235679798
2026-05-09,TRX,2,-0.004864989612076114,0.0,0.0,mark,0.3502,0.0,1.0514543459187502
2026-05-10,TRX,2,0.0,0.0,0.0,mark,0.3502,0.0,1.0514543459187502
2026-05-10,TRX,2,-0.00017004697581296063,0.00017003251864556573,0.0,funding,0.3502,0.0,1.051275564488073
2026-05-10,TRX,2,0.003246505892966613,0.0,0.0,mark,0.3524,0.0,1.0546940829208926
2026-05-10,TRX,2,-0.005762408373702109,0.0,0.0,mark,0.3485,0.0,1.0486339820627122
2026-05-10,TRX,2,0.003106960771505523,0.0,0.0,mark,0.3506,0.0,1.0518971132940402
2026-05-11,TRX,2,0.00014771000289747662,0.0,0.0,mark,0.3507,0.0,1.0520525004955321
2026-05-11,TRX,2,-0.0001701929538684702,0.0001701784718692374,0.0,funding,0.3507,0.0,1.0518734638086715
2026-05-11,TRX,2,0.0029501287636177704,0.0,0.0,mark,0.3527,0.0,1.0549812078385077
2026-05-11,TRX,2,-0.005316514187111325,0.0,0.0,mark,0.3491,0.0,1.0493872685848027
2026-05-11,TRX,2,0.0029571078478267537,0.0,0.0,mark,0.3511,0.0,1.0524950126146388
2026-05-12,TRX,2,0.00014762609827952554,0.0,0.0,mark,0.3512,0.0,1.0526503998161307
2026-05-12,TRX,2,-0.00017033880735371437,0.00017032430052276227,0.0,funding,0.3512,0.0,1.052471107873087
2026-05-12,TRX,2,0.0002952371108794261,0.0,0.0,mark,0.3514,0.0,1.0527818822760706
2026-05-12,TRX,2,-0.006664009756966078,0.0,0.0,mark,0.3469,0.0,1.0457894582089393
2026-05-12,TRX,2,0.003263508976217657,0.0,0.0,mark,0.3491,0.0,1.049207976641759
2026-05-13,TRX,2,0.0,0.0,0.0,mark,0.3491,0.0,1.049207976641759
2026-05-13,TRX,2,-0.00016987576256471878,0.0001698613344943288,0.0,funding,0.3491,0.0,1.0490297567746845
2026-05-13,TRX,2,0.0038438447446450105,0.0,0.0,mark,0.3517,0.0,1.0530698240134715
2026-05-13,TRX,2,-0.00473298802090206,0.0,0.0,mark,0.3485,0.0,1.0480974335657336
2026-05-13,TRX,2,0.0017774966790070972,0.0,0.0,mark,0.3497,0.0,1.0499620799836353
2026-05-14,TRX,2,-0.00014800410768171177,0.0,0.0,mark,0.3496,0.0,1.0498066927821434
2026-05-14,TRX,2,-0.00017002205955514018,0.00017000760662386994,0.0,funding,0.3496,0.0,1.0496282176588858
2026-05-14,TRX,2,0.008843197145070017,0.0,0.0,mark,0.3556,0.0,1.0589514497483943
2026-05-14,TRX,2,-0.009287416482256488,0.0,0.0,mark,0.3493,0.0,1.0491620560544104
2026-05-14,TRX,2,0.0066426588673367,0.0,0.0,mark,0.3538,0.0,1.0561544801215417
2026-05-15,TRX,2,0.0,0.0,0.0,mark,0.3538,0.0,1.0561544801215417
2026-05-15,TRX,2,-0.00017103058761435005,0.00017101596271719316,0.0,funding,0.3538,0.0,1.0559738608463456
2026-05-15,TRX,2,-0.005607415523832644,0.0,0.0,mark,0.35,0.0,1.0500691471896568
2026-05-15,TRX,2,0.006195844819459718,0.0,0.0,mark,0.3542,0.0,1.0565954096523127
2026-05-15,TRX,2,-0.003093123855776922,0.0,0.0,mark,0.3521,0.0,1.0533322784209846
2026-05-16,TRX,2,0.00014750876287547918,0.0,0.0,mark,0.3522,0.0,1.0534876656224765
2026-05-16,TRX,2,-0.00017068809325786324,0.0001706735268739438,0.0,funding,0.3522,0.0,1.0533078631670665
2026-05-16,TRX,2,0.004856449391524898,0.0,0.0,mark,0.3555,0.0,1.058435640816296
2026-05-16,TRX,2,-0.009736599029598662,0.0,0.0,mark,0.3489,0.0,1.0481800855178367
2026-05-16,TRX,2,0.009296076931440153,0.0,0.0,mark,0.3552,0.0,1.0579694792118206
2026-05-17,TRX,2,-0.00014688383432480369,0.0,0.0,mark,0.3551,0.0,1.0578140920103287
2026-05-17,TRX,2,-0.00017138973483421955,0.0001713750484527283,0.0,funding,0.3551,0.0,1.0576328090690565
2026-05-17,TRX,2,0.0035198731878315374,0.0,0.0,mark,0.3575,0.0,1.0613621019048598
2026-05-17,TRX,2,-0.00602063409688853,0.0,0.0,mark,0.3534,0.0,1.0549912266436958
2026-05-17,TRX,2,0.002794557347998831,0.0,0.0,mark,0.3553,0.0,1.05794358347204
2026-05-18,TRX,2,0.0,0.0,0.0,mark,0.3553,0.0,1.05794358347204
2026-05-18,TRX,2,-0.0001714652819325629,0.0001714505826012244,0.0,funding,0.3553,0.0,1.0577621984282946
2026-05-18,TRX,2,0.004543618808791996,0.0,0.0,mark,0.3584,0.0,1.0625792016745406
2026-05-18,TRX,2,-0.00674957758122513,0.0,0.0,mark,0.3538,0.0,1.0554313904059174
2026-05-18,TRX,2,0.0027933935144598653,0.0,0.0,mark,0.3557,0.0,1.0583837472342617
2026-05-19,TRX,2,-0.0001468263374640243,0.0,0.0,mark,0.3556,0.0,1.0582283600327698
2026-05-19,TRX,2,-0.00017156388682917662,0.0001715491705871273,0.0,funding,0.3556,0.0,1.0580468218353143
2026-05-19,TRX,2,0.0032257624733058937,0.0,0.0,mark,0.3578,0.0,1.061465340268134
2026-05-19,TRX,2,-0.005431127169620307,0.0,0.0,mark,0.3541,0.0,1.0557160138129371
2026-05-19,TRX,2,0.0033795735319009316,0.0,0.0,mark,0.3564,0.0,1.0592899194472487
2026-05-20,TRX,2,0.0,0.0,0.0,mark,0.3564,0.0,1.0592899194472487
2026-05-20,TRX,2,-0.00017177755742523617,0.00017176280450528382,0.0,funding,0.3564,0.0,1.0591079728399002
2026-05-20,TRX,2,0.005121891482342626,0.0,0.0,mark,0.3599,0.0,1.0645465248921135
2026-05-20,TRX,2,-0.007031009840828516,0.0,0.0,mark,0.3551,0.0,1.0570879392205068
2026-05-20,TRX,2,0.006008728096470112,0.0,0.0,mark,0.3592,0.0,1.0634588144816708
2026-05-21,TRX,2,0.0,0.0,0.0,mark,0.3592,0.0,1.0634588144816708
2026-05-21,TRX,2,-0.00017244847792019513,0.0001724336095361117,0.0,funding,0.3592,0.0,1.0632754384396967
2026-05-21,TRX,2,0.009019885764220154,0.0,0.0,mark,0.3654,0.0,1.0729094449321888
2026-05-21,TRX,2,-0.0096046171712985,0.0,0.0,mark,0.3588,0.0,1.0626538896337294
2026-05-21,TRX,2,0.009604617171298622,0.0,0.0,mark,0.3654,0.0,1.0729094449321888
2026-05-22,TRX,2,0.0,0.0,0.0,mark,0.3654,0.0,1.0729094449321888
2026-05-22,TRX,2,-0.0001738799466112859,0.0001738648303696341,0.0,funding,0.3654,0.0,1.0727229037135437
2026-05-22,TRX,2,0.0015921156361928279,0.0,0.0,mark,0.3665,0.0,1.0744321629299536
2026-05-22,TRX,2,-0.010175175828561672,0.0,0.0,mark,0.3595,0.0,1.0635550588255271
2026-05-22,TRX,2,0.004082502816384627,0.0,0.0,mark,0.3623,0.0,1.0679059004672977
2026-05-23,TRX,2,0.0,0.0,0.0,mark,0.3623,0.0,1.0679059004672977
2026-05-23,TRX,2,-0.00017321249865204723,0.00017319749823337075,0.0,funding,0.3623,0.0,1.0677209418369882
2026-05-23,TRX,2,0.00159956827250265,0.0,0.0,mark,0.3634,0.0,1.069430201053398
2026-05-23,TRX,2,-0.0071451195520854955,0.0,0.0,mark,0.3585,0.0,1.0618162281802994
2026-05-23,TRX,2,0.006418360233308156,0.0,0.0,mark,0.3629,0.0,1.068653265045939
2026-05-24,TRX,2,0.00014539412422604492,0.0,0.0,mark,0.363,0.0,1.068808652247431
2026-05-24,TRX,2,-0.00017340059513181735,0.00017338556211752887,0.0,funding,0.363,0.0,1.068623336258465
2026-05-24,TRX,2,-0.0013095359692050705,0.0,0.0,mark,0.3621,0.0,1.0672248514450386
2026-05-24,TRX,2,0.008553672080917013,0.0,0.0,mark,0.368,0.0,1.0763926963330552
2026-05-24,TRX,2,-0.003325786177935128,0.0,0.0,mark,0.3657,0.0,1.0728187906987436
2026-05-25,TRX,2,0.0,0.0,0.0,mark,0.3657,0.0,1.0728187906987436
2026-05-25,TRX,2,-0.00017403742397951628,0.00017402228034559832,0.0,funding,0.3657,0.0,1.0726320963263887
2026-05-25,TRX,2,0.011952110414326117,0.0,0.0,mark,0.374,0.0,1.0855292340502087
2026-05-25,TRX,2,-0.014417858466394675,0.0,0.0,mark,0.364,0.0,1.069990513901028
2026-05-25,TRX,2,0.011263717237849809,0.0,0.0,mark,0.3718,0.0,1.082110715617389
2026-05-26,TRX,2,-0.0001436067094046505,0.0,0.0,mark,0.3717,0.0,1.0819553284158971
2026-05-26,TRX,2,-0.00017539919043460991,0.00017538380889589372,0.0,funding,0.3717,0.0,1.0817655709693443
2026-05-26,TRX,2,0.008296735113938988,0.0,0.0,mark,0.3775,0.0,1.0907780286558693
2026-05-26,TRX,2,-0.008871469097319212,0.0,0.0,mark,0.3713,0.0,1.0811440221633772
2026-05-26,TRX,2,0.006161147220068151,0.0,0.0,mark,0.3756,0.0,1.087825671827525
2026-05-27,TRX,2,0.0,0.0,0.0,mark,0.3756,0.0,1.087825671827525
2026-05-27,TRX,2,-0.00017628315938389324,0.00017626762242080066,0.0,funding,0.3756,0.0,1.0876339233827437
2026-05-27,TRX,2,-0.011206196285833836,0.0,0.0,mark,0.3678,0.0,1.0755137216663828
2026-05-27,TRX,2,0.011634706029961753,0.0,0.0,mark,0.3759,0.0,1.088100084987219
2026-05-27,TRX,2,-0.011201368361004518,0.0,0.0,mark,0.3681,0.0,1.075979883270858
2026-05-28,TRX,2,0.0,0.0,0.0,mark,0.3681,0.0,1.075979883270858
2026-05-28,TRX,2,-0.0001746649885572182,0.00017464973551630173,0.0,funding,0.3681,0.0,1.075791963668824
2026-05-28,TRX,2,0.0007219384578440673,0.0,0.0,mark,0.3686,0.0,1.076568899676283
2026-05-28,TRX,2,-0.030184122052644546,0.0,0.0,mark,0.348,0.0,1.0445591361689708
2026-05-28,TRX,2,0.007410407223007051,0.0,0.0,mark,0.353,0.0,1.052328496243561
2026-05-29,TRX,2,-0.00014767125991630873,0.0,0.0,mark,0.3529,0.0,1.0521731090420692
2026-05-29,TRX,2,-0.00017124106132079974,0.000171226400407075,0.0,funding,0.3529,0.0,1.0519929492280027
2026-05-29,TRX,2,0.0002953712841460002,0.0,0.0,mark,0.3531,0.0,1.0523037236309865
2026-05-29,TRX,2,-0.019684092819855274,0.0,0.0,mark,0.3399,0.0,1.0317926130340678
2026-05-29,TRX,2,0.006754106177399661,0.0,0.0,mark,0.3444,0.0,1.038785037101199
2026-05-30,TRX,2,-0.0001495967105209697,0.0,0.0,mark,0.3443,0.0,1.0386296498997072
2026-05-30,TRX,2,-0.0001692463548662968,0.0001692320335099315,0.0,funding,0.3443,0.0,1.038453880491991
2026-05-30,TRX,2,0.008047724087496533,0.0,0.0,mark,0.3497,0.0,1.0468447893725485
2026-05-30,TRX,2,-0.011495224030471247,0.0,0.0,mark,0.342,0.0,1.0348799748576794
2026-05-30,TRX,2,0.009117457798047051,0.0,0.0,mark,0.3481,0.0,1.0443585941486795
2026-05-31,TRX,2,0.0,0.0,0.0,mark,0.3481,0.0,1.0443585941486795
2026-05-31,TRX,2,-0.00017017572033356371,0.0001701612412669692,0.0,funding,0.3481,0.0,1.0441808847939713
2026-05-31,TRX,2,0.004898794847841377,0.0,0.0,mark,0.3514,0.0,1.0493086624432009
2026-05-31,TRX,2,-0.00907425084438108,0.0,0.0,mark,0.3453,0.0,1.0398300431522007
2026-05-31,TRX,2,0.00907425084438109,0.0,0.0,mark,0.3514,0.0,1.0493086624432009
2026-06-01,TRX,2,-0.00014809627850316623,0.0,0.0,mark,0.3513,0.0,1.049153275241709
2026-06-01,TRX,2,-0.00017095531107639477,0.000170940699049908,0.0,funding,0.3513,0.0,1.0489739322474287
2026-06-01,TRX,2,0.0019238715451479075,0.0,0.0,mark,0.3526,0.0,1.0509939658668224
2026-06-01,TRX,2,-0.013995175393410138,0.0,0.0,mark,0.3432,0.0,1.0363875689265925
2026-06-01,TRX,2,0.0005995464626570963,0.0,0.0,mark,0.3436,0.0,1.0370091177325598
2026-06-02,TRX,2,0.00014983046750242243,0.0,0.0,mark,0.3437,0.0,1.0371645049340517
2026-06-02,TRX,2,-2.2172162759330496e-05,2.2171916958788523e-05,0.015290977212957602,resize,0.3437,-0.04614273730298235,1.0371415090087757
2026-06-02,TRX,2,-0.0001641691516649569,0.00016415567664713118,0.0,funding,0.3437,0.0,1.0369712563425855
2026-06-02,TRX,2,0.0,0.0,0.0,mark,0.3437,0.0,1.0369712563425855
2026-06-02,TRX,2,-0.016714211398526784,0.0,0.0,mark,0.3323,0.0,1.0197831425777735
2026-06-02,TRX,2,0.0005912173130832978,0.0,0.0,mark,0.3327,0.0,1.0203862342888195
2026-06-03,TRX,2,0.00014774972911236198,0.0,0.0,mark,0.3328,0.0,1.020537007216581
2026-06-03,TRX,2,-0.00016154890875229812,0.0001615358604301058,0.0,funding,0.3328,0.0,1.0203721538930195
2026-06-03,TRX,2,-0.005036593613742848,0.0,0.0,mark,0.3294,0.0,1.0152458743491282
2026-06-03,TRX,2,0.009459677847675846,0.0,0.0,mark,0.3358,0.0,1.0248953417258646
2026-06-03,TRX,2,-0.003536900908606003,0.0,0.0,mark,0.3334,0.0,1.0212767914595884
2026-06-04,TRX,2,-0.0001476426954543753,0.0,0.0,mark,0.3333,0.0,1.021126018531827
2026-06-04,TRX,2,-0.00016169830703380671,0.00016168523456707863,0.0,funding,0.3333,0.0,1.020960917531998
2026-06-04,TRX,2,0.000590535489351008,0.0,0.0,mark,0.3337,0.0,1.021564009243044
2026-06-04,TRX,2,-0.010832551932993357,0.0,0.0,mark,0.3264,0.0,1.010557585516454
2026-06-04,TRX,2,0.009059898237627654,0.0,0.0,mark,0.3325,0.0,1.019754734109906
2026-06-05,TRX,2,0.0,0.0,0.0,mark,0.3325,0.0,1.019754734109906
2026-06-05,TRX,2,-0.0001615270954739073,0.00016151405067497547,0.0,funding,0.3325,0.0,1.019590029392105
2026-06-05,TRX,2,0.00014786509936645344,0.0,0.0,mark,0.3326,0.0,1.0197408023198664
2026-06-05,TRX,2,-0.020916822952325376,0.0,0.0,mark,0.3186,0.0,0.9986325924332551
2026-06-05,TRX,2,0.0025633612084210284,0.0,0.0,mark,0.3203,0.0,1.0011957322052008
2026-06-06,TRX,2,0.0,0.0,0.0,mark,0.3203,0.0,1.0011957322052008
2026-06-06,TRX,2,-0.00015848448489310863,0.0001584719268906412,0.0,funding,0.3203,0.0,1.0010370707883236
2026-06-06,TRX,2,0.006006593347192335,0.0,0.0,mark,0.3243,0.0,1.007067987898784
2026-06-06,TRX,2,-0.009023474110081411,0.0,0.0,mark,0.3183,0.0,0.9980216122330936
2026-06-06,TRX,2,0.008873748155959994,0.0,0.0,mark,0.3242,0.0,1.0069172149710226
2026-06-07,TRX,2,0.00014972595412155053,0.0,0.0,mark,0.3243,0.0,1.007067987898784
2026-06-07,TRX,2,-0.00015952809821160295,0.00015951537428111594,0.0,funding,0.3243,0.0,1.0069073450717678
2026-06-07,TRX,2,-0.00209854123728175,0.0,0.0,mark,0.3229,0.0,1.0047965240831067
2026-06-07,TRX,2,0.010003363108500193,0.0,0.0,mark,0.3296,0.0,1.0148983102431277
2026-06-07,TRX,2,-0.0041683454177048685,0.0,0.0,mark,0.3268,0.0,1.0106766682658055
2026-06-08,TRX,2,0.0,0.0,0.0,mark,0.3268,0.0,1.0106766682658055
2026-06-08,TRX,2,-0.0001601839432605742,0.0001601711144977977,0.0,funding,0.3268,0.0,1.0105147870574525
2026-06-08,TRX,2,-0.0019415365853605448,0.0,0.0,mark,0.3255,0.0,1.0085547389965528
2026-06-08,TRX,2,0.003879310909796226,0.0,0.0,mark,0.3281,0.0,1.012474835118352
2026-06-08,TRX,2,-0.0019377743244359373,0.0,0.0,mark,0.3268,0.0,1.0105147870574522
2026-06-09,TRX,2,-0.00014921521068223396,0.0,0.0,mark,0.3267,0.0,1.0103640141296908
2026-06-09,TRX,2,-0.00016018448068571645,0.00016017165183676886,0.0,funding,0.3267,0.0,1.0102021824565912
2026-06-09,TRX,2,0.00014923911277402795,0.0,0.0,mark,0.3268,0.0,1.0103529553843527
2026-06-09,TRX,2,-0.009144591222097103,0.0,0.0,mark,0.3207,0.0,1.0011558067909005
2026-06-09,TRX,2,0.0033076985492114445,0.0,0.0,mark,0.3229,0.0,1.0044728112016539
2026-06-10,TRX,2,-0.0001501128182244762,0.0,0.0,mark,0.3228,0.0,1.0043220382738922
2026-06-10,TRX,2,-0.000159224354767637,0.00015921167924275693,0.0,funding,0.3228,0.0,1.004162138475678
2026-06-10,TRX,2,0.0009004823901956352,0.0,0.0,mark,0.3234,0.0,1.0050667760422471
2026-06-10,TRX,2,-0.0040585717205489195,0.0,0.0,mark,0.3207,0.0,1.0009959069926864
2026-06-10,TRX,2,0.0006023102601158717,0.0,0.0,mark,0.3211,0.0,1.0015989987037324
2026-06-11,TRX,2,-0.00015054355803855463,0.0,0.0,mark,0.321,0.0,1.001448225775971
2026-06-11,TRX,2,-0.00015879082354064005,0.00015877821694512003,0.0,funding,0.321,0.0,1.0012892176123194
2026-06-11,TRX,2,0.003007050267572367,0.0,0.0,mark,0.323,0.0,1.0043046761675496
2026-06-11,TRX,2,-0.018485259591763645,0.0,0.0,mark,0.3108,0.0,0.9859103789806455
2026-06-11,TRX,2,0.009436845020253621,0.0,0.0,mark,0.317,0.0,0.995258300501859
2026-06-12,TRX,2,0.0,0.0,0.0,mark,0.317,0.0,0.995258300501859
2026-06-12,TRX,2,-0.00015778732232087228,0.0001577748745561043,0.0,funding,0.317,0.0,0.9951012737483464
2026-06-12,TRX,2,0.0,0.0,0.0,mark,0.317,0.0,0.9951012737483464
2026-06-12,TRX,2,-0.007604599764770269,0.0,0.0,mark,0.312,0.0,0.987562627360271
2026-06-12,TRX,2,0.005177413986330025,0.0,0.0,mark,0.3154,0.0,0.9926889069041623
2026-06-13,TRX,2,-0.00015189489660031078,0.0,0.0,mark,0.3153,0.0,0.9925381339764009
2026-06-13,TRX,2,-0.0001573712270232696,0.00015735884482122862,0.0,funding,0.3153,0.0,0.9923819493221974
2026-06-13,TRX,2,0.0048499906638031,0.0,0.0,mark,0.3185,0.0,0.9972066830105656
2026-06-13,TRX,2,-0.005609931049352271,0.0,0.0,mark,0.3148,0.0,0.9916280846833898
2026-06-13,TRX,2,0.003642458410970413,0.0,0.0,mark,0.3172,0.0,0.9952466349496659
2026-06-14,TRX,2,0.0,0.0,0.0,mark,0.3172,0.0,0.9952466349496659
2026-06-14,TRX,2,-0.00015788873132169392,0.0001578762675520093,0.0,funding,0.3172,0.0,0.9950895091256464
2026-06-14,TRX,2,0.008749593544776271,0.0,0.0,mark,0.323,0.0,1.003834338935814
2026-06-14,TRX,2,-0.01132870475081151,0.0,0.0,mark,0.3155,0.0,0.9925263693537008
2026-06-14,TRX,2,0.009524714280352004,0.0,0.0,mark,0.3218,0.0,1.0020250638026758
2026-06-15,TRX,2,-0.00015047954149394492,0.0,0.0,mark,0.3217,0.0,1.0018742908749143
2026-06-15,TRX,2,-0.00015906944260565763,0.00015905679173254324,0.0,funding,0.3217,0.0,1.0017149359644884
2026-06-15,TRX,2,0.0009026812876900695,0.0,0.0,mark,0.3223,0.0,1.0026195735310575
2026-06-15,TRX,2,-0.006184624379263543,0.0,0.0,mark,0.3182,0.0,0.9964378834928356
2026-06-15,TRX,2,0.0003025780555307437,0.0,0.0,mark,0.3184,0.0,0.9967394293483587
2026-06-16,TRX,2,-0.00015127758358036078,0.0,0.0,mark,0.3183,0.0,0.9965886564205972
2026-06-16,TRX,2,-0.00015822293850365033,0.00015821042191475798,0.0,funding,0.3183,0.0,0.9964309857087895
2026-06-16,TRX,2,0.0012097716582789915,0.0,0.0,mark,0.3191,0.0,0.9976371691308815
2026-06-16,TRX,2,-0.004240619358421682,0.0,0.0,mark,0.3163,0.0,0.9934155271535593
2026-06-16,TRX,2,0.001213441626951221,0.0,0.0,mark,0.3171,0.0,0.9946217105756513
2026-06-17,TRX,2,0.0,0.0,0.0,mark,0.3171,0.0,0.9946217105756513
2026-06-17,TRX,2,-0.00015793813023580653,0.00015792565866591256,0.0,funding,0.3171,0.0,0.9944646342868853
2026-06-17,TRX,2,0.007852917112721035,0.0,0.0,mark,0.3223,0.0,1.0023048265304837
2026-06-17,TRX,2,-0.008459549703046264,0.0,0.0,mark,0.3167,0.0,0.9938615425758393
2026-06-17,TRX,2,0.007707135603460621,0.0,0.0,mark,0.3218,0.0,1.0015509618916763
2026-06-18,TRX,2,0.0,0.0,0.0,mark,0.3218,0.0,1.0015509618916763
2026-06-18,TRX,2,-0.0001591702652242364,0.0001591575983096058,0.0,funding,0.3218,0.0,1.0013915574459968
2026-06-18,TRX,2,0.0012037824441104444,0.0,0.0,mark,0.3226,0.0,1.0025977408680888
2026-06-18,TRX,2,-0.0064874357431372485,0.0,0.0,mark,0.3183,0.0,0.996114504974344
2026-06-18,TRX,2,0.003776884591721939,0.0,0.0,mark,0.3208,0.0,0.9998838281683816
2026-06-19,TRX,2,0.0,0.0,0.0,mark,0.3208,0.0,0.9998838281683816
2026-06-19,TRX,2,-0.00015894018637221713,0.00015892755604989559,0.0,funding,0.3208,0.0,0.999724919075237
2026-06-19,TRX,2,0.0046643518101063,0.0,0.0,mark,0.3239,0.0,1.0043988798358439
2026-06-19,TRX,2,-0.006626863658437323,0.0,0.0,mark,0.3195,0.0,0.9977648710143374
2026-06-19,TRX,2,0.006626863658437307,0.0,0.0,mark,0.3239,0.0,1.0043988798358439
2026-06-20,TRX,2,0.0,0.0,0.0,mark,0.3239,0.0,1.0043988798358439
2026-06-20,TRX,2,-0.00015975476025122438,0.00015974200013896023,0.0,funding,0.3239,0.0,1.0042384351498415
2026-06-20,TRX,2,0.00449398441600141,0.0,0.0,mark,0.3269,0.0,1.0087616229826868
2026-06-20,TRX,2,-0.007501233331494952,0.0,0.0,mark,0.3219,0.0,1.0012229765946112
2026-06-20,TRX,2,0.007351758774805466,0.0,0.0,mark,0.3268,0.0,1.0086108500549251
2026-06-21,TRX,2,0.0,0.0,0.0,mark,0.3268,0.0,1.0086108500549251
2026-06-21,TRX,2,-0.00016051205540224247,0.00016049917403153022,0.0,funding,0.3268,0.0,1.008448968846572
2026-06-21,TRX,2,0.0022401348945234917,0.0,0.0,mark,0.3283,0.0,1.0107105627629946
2026-06-21,TRX,2,-0.003436928564493857,0.0,0.0,mark,0.326,0.0,1.00724278542448
2026-06-21,TRX,2,0.00269077437238578,0.0,0.0,mark,0.3278,0.0,1.0099566981241872
2026-06-22,TRX,2,-0.00014929767122198978,0.0,0.0,mark,0.3277,0.0,1.0098059251964258
2026-06-22,TRX,2,-0.00016076363791781543,0.0001607507161366136,0.0,funding,0.3277,0.0,1.0096435981707914
2026-06-22,TRX,2,0.00951191853686365,0.0,0.0,mark,0.3341,0.0,1.019293065547528
2026-06-22,TRX,2,-0.009810628790393705,0.0,0.0,mark,0.3275,0.0,1.0093420523152685
2026-06-22,TRX,2,0.009810628790393744,0.0,0.0,mark,0.3341,0.0,1.019293065547528
2026-06-23,TRX,2,-0.00014793005569917864,0.0,0.0,mark,0.334,0.0,1.0191422926197666
2026-06-23,TRX,2,-0.00016235336190403819,0.00016234018331031104,0.0,funding,0.334,0.0,1.0189768448731635
2026-06-23,TRX,2,0.000295886258458555,0.0,0.0,mark,0.3342,0.0,1.0192783907286864
2026-06-23,TRX,2,-0.008168943582381924,0.0,0.0,mark,0.3287,0.0,1.0109858797018034
2026-06-23,TRX,2,0.0008944072195716083,0.0,0.0,mark,0.3293,0.0,1.0118905172683725
2026-06-24,TRX,2,-0.0001490123278948821,0.0,0.0,mark,0.3292,0.0,1.011739744340611
2026-06-24,TRX,2,-0.00016119085802718386,0.00016117786747886446,0.0,funding,0.3292,0.0,1.0115766742861747
2026-06-24,TRX,2,-0.0061296938581325315,0.0,0.0,mark,0.3251,0.0,1.0053949842479528
2026-06-24,TRX,2,0.009997438284395239,0.0,0.0,mark,0.3318,0.0,1.0154967704079738
2026-06-24,TRX,2,-0.006554203900106589,0.0,0.0,mark,0.3274,0.0,1.0088627615864674
2026-06-25,TRX,2,0.00014943723590337204,0.0,0.0,mark,0.3275,0.0,1.0090135345142288
2026-06-25,TRX,2,-0.00016079169642564857,0.00016077877013361848,0.0,funding,0.3275,0.0,1.0088513065591014
2026-06-25,TRX,2,-0.0075005639893398045,0.0,0.0,mark,0.3225,0.0,1.0013126601710258
2026-06-25,TRX,2,0.011974046004949118,0.0,0.0,mark,0.3305,0.0,1.0133744943919465
2026-06-25,TRX,2,-0.01001848081283019,0.0,0.0,mark,0.3238,0.0,1.0032727082319253
2026-06-26,TRX,2,0.00015026981048991977,0.0,0.0,mark,0.3239,0.0,1.003423481159687
2026-06-26,TRX,2,-0.00015991006560761153,0.00015989728067443477,0.0,funding,0.3239,0.0,1.0032630364736845
2026-06-26,TRX,2,-0.007996865029098818,0.0,0.0,mark,0.3186,0.0,0.9952720713023245
2026-06-26,TRX,2,0.00844761107878868,0.0,0.0,mark,0.3242,0.0,1.003715355256969
2026-06-26,TRX,2,-0.005422408468114212,0.0,0.0,mark,0.3206,0.0,0.9982875298575548
2026-06-27,TRX,2,0.0,0.0,0.0,mark,0.3206,0.0,0.9982875298575548
2026-06-27,TRX,2,-0.0001590951015321284,0.00015908244657761794,0.0,funding,0.3206,0.0,0.9981287198349171
2026-06-27,TRX,2,-0.0010579485960187603,0.0,0.0,mark,0.3199,0.0,0.9970733093405866
2026-06-27,TRX,2,0.002416525668022471,0.0,0.0,mark,0.3215,0.0,0.9994856761847707
2026-06-27,TRX,2,-0.0003017465484577201,0.0,0.0,mark,0.3213,0.0,0.9991841303292476
2026-06-28,TRX,2,0.0,0.0,0.0,mark,0.3213,0.0,0.9991841303292476
2026-06-28,TRX,2,-0.00015929941409919852,0.00015928672662118831,0.0,funding,0.3213,0.0,0.9990249735598355
2026-06-28,TRX,2,0.004817818176031788,0.0,0.0,mark,0.3245,0.0,1.003849707248204
2026-06-28,TRX,2,-0.0049687496444416265,0.0,0.0,mark,0.3212,0.0,0.9988742006320741
2026-06-28,TRX,2,0.0015082905490848195,0.0,0.0,mark,0.3222,0.0,1.0003819299096892
2026-06-29,TRX,2,0.0,0.0,0.0,mark,0.3222,0.0,1.0003819299096892
2026-06-29,TRX,2,-0.0007043751279293076,0.0007041271140039327,0.48560490620960867,rotation,0.3222,-1.50772927761509,0.9996775338684802
2026-09-02,SOL,3,-0.0005016937018205443,0.0005015678745784019,0.34590887901958745,entry,100.01,0.003457627588456271,0.999176127732554
2026-09-02,SOL,3,-0.000113709121841281,0.00011370265720407899,0.0,funding,100.01,0.0,0.999062518751816
2026-09-02,SOL,3,0.0024196806739436583,0.0,0.0,mark,100.71,0.0,1.0014828580637354
2026-09-02,SOL,3,-0.011563451419888366,0.0,0.0,mark,97.38,0.0,0.989968958194176
2026-09-02,SOL,3,0.010596281619372998,0.0,0.0,mark,100.43,0.0,1.0005147223389677
2026-09-03,SOL,3,3.455789072793145e-05,0.0,0.0,mark,100.44,0.0,1.000549298614852
2026-09-03,SOL,3,-0.00011404131380775214,0.00011403481134435396,0.0,funding,100.44,0.0,1.0004352011643438
2026-09-03,SOL,3,0.018728516756553706,0.0,0.0,mark,105.91,0.0,1.0193484240731996
2026-09-03,SOL,3,-0.022919194804870677,0.0,0.0,mark,99.23,0.0,0.9962514717823118
2026-09-03,SOL,3,0.016214533087574503,0.0,0.0,mark,103.94,0.0,1.0125368977239408
2026-09-04,SOL,3,3.414758081178461e-05,0.0,0.0,mark,103.95,0.0,1.0125714739998255
2026-09-04,SOL,3,-0.00011662545905496615,0.0001166186585704146,0.0,funding,103.95,0.0,1.012453389272821
2026-09-04,SOL,3,0.002864575539218335,0.0,0.0,mark,104.79,0.0,1.015357796447124
2026-09-04,SOL,3,-0.015719311444401234,0.0,0.0,mark,100.21,0.0,0.9995218620919943
2026-09-04,SOL,3,0.005932333219591413,0.0,0.0,mark,101.93,0.0,1.005468981544139
2026-09-05,SOL,3,0.0,0.0,0.0,mark,101.93,0.0,1.005468981544139
2026-09-05,SOL,3,-0.00011516687725216849,0.00011516024580190326,0.0,funding,101.93,0.0,1.0053531914890783
2026-09-05,SOL,3,0.008356674526255764,0.0,0.0,mark,104.37,0.0,1.0137898028049117
2026-09-05,SOL,3,-0.009492260604901607,0.0,0.0,mark,101.6,0.0,1.0042121743848877
2026-09-05,SOL,3,0.0054253926899163335,0.0,0.0,mark,103.18,0.0,1.0096752259746486
2026-09-06,SOL,3,0.0,0.0,0.0,mark,103.18,0.0,1.0096752259746486
2026-09-06,SOL,3,-0.00011609359733299954,0.00011608685873209199,0.0,funding,103.18,0.0,1.0095580159493256
2026-09-06,SOL,3,-3.424951062942034e-05,0.0,0.0,mark,103.17,0.0,1.009523439673441
2026-09-06,SOL,3,0.014248792784862319,0.0,0.0,mark,107.36,0.0,1.0240108992690726
2026-09-06,SOL,3,-0.002738755305825694,0.0,0.0,mark,106.55,0.0,1.021210220922423
2026-09-07,SOL,3,0.0,0.0,0.0,mark,106.55,0.0,1.021210220922423
2026-09-07,SOL,3,-0.00011853136232576409,0.00011852433776130138,0.0,funding,106.55,0.0,1.021089182657273
2026-09-07,SOL,3,0.0017254801933335286,0.0,0.0,mark,107.06,0.0,1.0228525727273856
2026-09-07,SOL,3,-0.013956487071031847,0.0,0.0,mark,102.96,0.0,1.008676299614715
2026-09-07,SOL,3,0.002875286823466122,0.0,0.0,mark,103.8,0.0,1.0115807067890181
2026-09-08,SOL,3,3.417985806748522e-05,0.0,0.0,mark,103.81,0.0,1.0116152830649028
2026-09-08,SOL,3,-0.00011657847231199357,0.00011657167730590218,0.0,funding,103.81,0.0,1.0114973573745676
2026-09-08,SOL,3,0.0034806279722471275,0.0,0.0,mark,104.83,0.0,1.015024137514793
2026-09-08,SOL,3,-0.010650571774274307,0.0,0.0,mark,101.72,0.0,1.004270915714694
2026-09-08,SOL,3,0.0056647481785731535,0.0,0.0,mark,103.37,0.0,1.009976001235647
2026-09-09,SOL,3,0.0,0.0,0.0,mark,103.37,0.0,1.009976001235647
2026-09-09,SOL,3,-0.00011627275054584863,0.00011626599113167317,0.0,funding,103.37,0.0,1.0098585753748441
2026-09-09,SOL,3,0.0062461399218717495,0.0,0.0,mark,105.2,0.0,1.016186033861719
2026-09-09,SOL,3,-0.016709262127660454,0.0,0.0,mark,100.33,0.0,0.999347387505937
2026-09-09,SOL,3,0.004281081166699031,0.0,0.0,mark,101.57,0.0,1.0036348457156228
2026-09-10,SOL,3,0.0,0.0,0.0,mark,101.57,0.0,1.0036348457156228
2026-09-10,SOL,3,-0.00011496983879978106,0.00011496323002120215,0.0,funding,101.57,0.0,1.0035194646119976
2026-09-10,SOL,3,0.0021339323325752398,0.0,0.0,mark,102.19,0.0,1.0056631937168405
2026-09-10,SOL,3,-0.012767962638724841,0.0,0.0,mark,98.5,0.0,0.9929045479154369
2026-09-10,SOL,3,0.0005918220164431766,0.0,0.0,mark,98.67,0.0,0.9934923446054745
2026-09-11,SOL,3,0.0,0.0,0.0,mark,98.67,0.0,0.9934923446054745
2026-09-11,SOL,3,-0.00011282733739275881,0.00011282097262813464,0.0,funding,98.67,0.0,0.9933802578328575
2026-09-11,SOL,3,0.02451422395704072,0.0,0.0,mark,105.8,0.0,1.0180331425385507
2026-09-11,SOL,3,-0.026848995457074268,0.0,0.0,mark,98.0,0.0,0.9910636473485918
2026-09-11,SOL,3,0.015440252737077673,0.0,0.0,mark,102.46,0.0,1.0064846663931066
2026-09-12,SOL,3,-3.4354094961076705e-05,0.0,0.0,mark,102.45,0.0,1.0064500901172222
2026-09-12,SOL,3,-0.00011564159334950771,0.00011563490711827794,0.0,funding,102.45,0.0,1.0063337093545324
2026-09-12,SOL,3,-0.004200566330593497,0.0,0.0,mark,101.23,0.0,1.0021154036966158
2026-09-12,SOL,3,0.004681471890797964,0.0,0.0,mark,102.59,0.0,1.0068177772169162
2026-09-12,SOL,3,-0.0028544676422913675,0.0,0.0,mark,101.76,0.0,1.0039479463184975
2026-09-13,SOL,3,3.443971434574891e-05,0.0,0.0,mark,101.77,0.0,1.003982522594382
2026-09-13,SOL,3,-0.00011515634277236738,0.00011514971253534223,0.0,funding,101.77,0.0,1.0038669142955148
2026-09-13,SOL,3,0.001961331314433546,0.0,0.0,mark,102.34,0.0,1.005837762020935
2026-09-13,SOL,3,-0.010887366656644535,0.0,0.0,mark,99.19,0.0,0.9949462351172976
2026-09-13,SOL,3,0.00038219789527204695,0.0,0.0,mark,99.3,0.0,0.9953265741520279
2026-09-14,SOL,3,3.473802089713596e-05,0.0,0.0,mark,99.31,0.0,0.9953611504279124
2026-09-14,SOL,3,-0.00011334598598622313,0.00011333956257258224,0.0,funding,99.31,0.0,0.9952483366305211
2026-09-14,SOL,3,0.018961574362336354,0.0,0.0,mark,104.82,0.0,1.014299864642915
2026-09-14,SOL,3,-0.020039136732570108,0.0,0.0,mark,99.0,0.0,0.9941764720780997
2026-09-14,SOL,3,0.01220217016860469,0.0,0.0,mark,102.53,0.0,1.0063818974653502
2026-09-15,SOL,3,3.435642276219607e-05,0.0,0.0,mark,102.54,0.0,1.0064164737412349
2026-09-15,SOL,3,-0.00011574705402795327,0.0001157403555962811,0.0,funding,102.54,0.0,1.0062999907406862
2026-09-15,SOL,3,0.001098909878215439,0.0,0.0,mark,102.86,0.0,1.0074064315689921
2026-09-15,SOL,3,-0.02445944679257597,0.0,0.0,mark,95.82,0.0,0.98306473334626
2026-09-15,SOL,3,0.0037212911058876665,0.0,0.0,mark,96.88,0.0,0.9867298185900236
2026-09-16,SOL,3,0.0,0.0,0.0,mark,96.88,0.0,0.9867298185900236
2026-09-16,SOL,3,-0.00011153966455697601,0.00011153344423986814,0.0,funding,96.88,0.0,0.9866197652148221
2026-09-16,SOL,3,0.007193374414143873,0.0,0.0,mark,98.94,0.0,0.993742478047042
2026-09-16,SOL,3,-0.009965783902515138,0.0,0.0,mark,96.09,0.0,0.9838882394199416
2026-09-16,SOL,3,0.008991077027155113,0.0,0.0,mark,98.66,0.0,0.9927743423222742
2026-09-17,SOL,3,0.0,0.0,0.0,mark,98.66,0.0,0.9927743423222742
2026-09-17,SOL,3,-0.00011289749816512983,0.0001128911254824876,0.0,funding,98.66,0.0,0.9926622669094194
2026-09-17,SOL,3,-0.0006620244829971853,0.0,0.0,mark,98.47,0.0,0.9920053176676127
2026-09-17,SOL,3,0.012400855499120279,0.0,0.0,mark,102.05,0.0,1.004383624434286
2026-09-17,SOL,3,-0.001412437107837148,0.0,0.0,mark,101.64,0.0,1.002965997123019
2026-09-18,SOL,3,-3.4474620265527494e-05,0.0,0.0,mark,101.63,0.0,1.0029314208471343
2026-09-18,SOL,3,-0.00011511844688024768,0.00011511182100603576,0.0,funding,101.63,0.0,1.0028159715849363
2026-09-18,SOL,3,0.04282390983701247,0.0,0.0,mark,114.32,0.0,1.0466932656824464
2026-09-18,SOL,3,-0.045344063151705104,0.0,0.0,mark,100.9,0.0,1.0002919034453632
2026-09-18,SOL,3,0.04004463491424274,0.0,0.0,mark,112.72,0.0,1.0411610615409164
2026-09-19,SOL,3,0.0,0.0,0.0,mark,112.72,0.0,1.0411610615409164
2026-09-19,SOL,3,-0.00012299260670369118,0.00012298504342316693,0.0,funding,112.72,0.0,1.0410330143025524
2026-09-19,SOL,3,-0.008807013341329214,0.0,0.0,mark,110.08,0.0,1.0319048774690278
2026-09-19,SOL,3,0.013346932041141341,0.0,0.0,mark,114.09,0.0,1.0457699640987375
2026-09-19,SOL,3,-0.010068602926555642,0.0,0.0,mark,111.06,0.0,1.0352933525057149
2026-09-20,SOL,3,0.0,0.0,0.0,mark,111.06,0.0,1.0352933525057149
2026-09-20,SOL,3,-0.00012186807269367034,0.00012186064708188356,0.0,funding,111.06,0.0,1.035167190987859
2026-09-20,SOL,3,0.0013351736282246926,0.0,0.0,mark,111.46,0.0,1.0365502420232415
2026-09-20,SOL,3,-0.013635511697615788,0.0,0.0,mark,107.4,0.0,1.022512274014109
2026-09-20,SOL,3,0.012667688564510527,0.0,0.0,mark,111.17,0.0,1.0355475300225891
2026-09-21,SOL,3,0.0,0.0,0.0,mark,111.17,0.0,1.0355475300225891
2026-09-21,SOL,3,-0.00012195884071956409,0.0001219514040424951,0.0,funding,111.17,0.0,1.0354212435473502
2026-09-21,SOL,3,0.029027605826436927,0.0,0.0,mark,119.99,0.0,1.0659175188775345
2026-09-21,SOL,3,-0.03063177688143778,0.0,0.0,mark,110.69,0.0,1.0337615823048911
2026-09-21,SOL,3,0.027089764917975035,0.0,0.0,mark,118.9,0.0,1.0621487048061171
2026-09-22,SOL,3,3.25526105308953e-05,0.0,0.0,mark,118.91,0.0,1.0621832810820016
2026-09-22,SOL,3,-0.00012717910675071593,0.00012717101983090326,0.0,funding,118.91,0.0,1.062048202150899
2026-09-22,SOL,3,0.0018539848991767425,0.0,0.0,mark,119.48,0.0,1.0640190498763191
2026-09-22,SOL,3,-0.01288606153898571,0.0,0.0,mark,115.54,0.0,1.0503959971778014
2026-09-22,SOL,3,0.009924552049919952,0.0,0.0,mark,118.57,0.0,1.0608726087708238
2026-09-23,SOL,3,0.0,0.0,0.0,mark,118.57,0.0,1.0608726087708238
2026-09-23,SOL,3,-0.00012697212593453647,0.0001269640653153219,0.0,funding,118.57,0.0,1.0607379160716326
2026-09-23,SOL,3,0.0039039420449300693,0.0,0.0,mark,119.77,0.0,1.06488706917778
2026-09-23,SOL,3,-0.022227003742978726,0.0,0.0,mark,113.0,0.0,1.0414789304039311
2026-09-23,SOL,3,0.006584914224792637,0.0,0.0,mark,114.99,0.0,1.0483596093049592
2026-09-24,SOL,3,0.0,0.0,0.0,mark,114.99,0.0,1.0483596093049592
2026-09-24,SOL,3,-0.00012460804659889644,0.00012460028333872682,0.0,funding,114.99,0.0,1.048228983400599
2026-09-24,SOL,3,0.009193528012921946,0.0,0.0,mark,117.79,0.0,1.0579103406482764
2026-09-24,SOL,3,-0.017374298810189193,0.0,0.0,mark,112.52,0.0,1.0396886432571117
2026-09-24,SOL,3,0.014920022551369512,0.0,0.0,mark,117.04,0.0,1.0553171199569342
2026-09-25,SOL,3,0.0,0.0,0.0,mark,117.04,0.0,1.0553171199569342
2026-09-25,SOL,3,-0.00012599343738378874,0.0001259855005438631,0.0,funding,117.04,0.0,1.0551841653013438
2026-09-25,SOL,3,0.019148610185717143,0.0,0.0,mark,122.94,0.0,1.0755841680732359
2026-09-25,SOL,3,-0.023022729031806022,0.0,0.0,mark,115.86,0.0,1.0511041647469654
2026-09-25,SOL,3,0.020479924650943438,0.0,0.0,mark,122.15,0.0,1.0728526422783553
2026-09-25,SOL,3,-0.0005709835478544163,0.0005708205677695602,0.39366935708245526,boundary_exit,122.15,-0.003457627588456271,1.072240235923957
