date,strategy_return,equity,executed_regime,executed_position,chosen_asset,weekly_authorized_asset,approved_shortlist
2018-05-04,0.0,1.0,CASH,CASH,,,
2018-05-05,0.0,1.0,BASE,0.0,,,
2018-05-06,0.0,1.0,BASE,0.0,,,
2018-05-07,0.0,1.0,BASE,0.0,,,
2018-05-08,0.0,1.0,BASE,0.0,,,
2018-05-09,0.0,1.0,BASE,0.0,,,
2018-05-10,0.0,1.0,BASE,0.0,,,
2018-05-11,0.0,1.0,BASE,0.0,,,
2018-05-12,0.0,1.0,BASE,0.0,,,
2018-05-13,0.0,1.0,BASE,0.0,,,
2018-05-14,0.0,1.0,BASE,0.0,,,
2018-05-15,0.0,1.0,BASE,0.0,,,
2018-05-16,0.0,1.0,BASE,0.0,,,
2018-05-17,0.0,1.0,BASE,0.0,,,
2018-05-18,0.0,1.0,BASE,0.0,,,
2018-05-19,0.0,1.0,BASE,0.0,,,
2018-05-20,0.0,1.0,BASE,0.0,,,
2018-05-21,0.0,1.0,BASE,0.0,,,
2018-05-22,0.0,1.0,BASE,0.0,,,
2018-05-23,0.0,1.0,BASE,0.0,,,
2018-05-24,0.0,1.0,BASE,0.0,,,
2018-05-25,0.0,1.0,BASE,0.0,,,
2018-05-26,0.0,1.0,BASE,0.0,,,
2018-05-27,0.0,1.0,BASE,0.0,,,
2018-05-28,0.0,1.0,BASE,0.0,,,
2018-05-29,0.0,1.0,BASE,0.0,,,
2018-05-30,0.0,1.0,BASE,0.0,,,
2018-05-31,0.0,1.0,BASE,0.0,,,
2018-06-01,0.0,1.0,BASE,0.0,,,
2018-06-02,0.0,1.0,BASE,0.0,,,
2018-06-03,0.0,1.0,BASE,0.0,,,
2018-06-04,0.0,1.0,BASE,0.0,,,
2018-06-05,0.0,1.0,BASE,0.0,,,
2018-06-06,0.0,1.0,BASE,0.0,,,
2018-06-07,0.0,1.0,BASE,0.0,,,
2018-06-08,0.0,1.0,BASE,0.0,,,
2018-06-09,0.0,1.0,BASE,0.0,,,
2018-06-10,0.0,1.0,BASE,0.0,,,
2018-06-11,0.0,1.0,BASE,0.0,,,
2018-06-12,0.0,1.0,BASE,0.0,,,
2018-06-13,0.0,1.0,BASE,0.0,,,
2018-06-14,0.0,1.0,BASE,0.0,,,
2018-06-15,0.0,1.0,BASE,0.0,,,
2018-06-16,0.0,1.0,BASE,0.0,,,
2018-06-17,0.0,1.0,BASE,0.0,,,
2018-06-18,0.0,1.0,BASE,0.0,,,
2018-06-19,0.0,1.0,BASE,0.0,,,
2018-06-20,0.0,1.0,BASE,0.0,,,
2018-06-21,0.0,1.0,BASE,0.0,,,
2018-06-22,0.0,1.0,BASE,0.0,,,
2018-06-23,0.0,1.0,BASE,0.0,,,
2018-06-24,0.0,1.0,BASE,0.0,,,
2018-06-25,0.0,1.0,BASE,0.0,,,
2018-06-26,0.0,1.0,BASE,0.0,,,
2018-06-27,0.0,1.0,BASE,0.0,,,
2018-06-28,0.0,1.0,BASE,0.0,,,
2018-06-29,0.0,1.0,BASE,0.0,,,
2018-06-30,0.0,1.0,BASE,0.0,,,
2018-07-01,0.0,1.0,BASE,0.0,,,
2018-07-02,0.0,1.0,BASE,0.0,,,
2018-07-03,0.0,1.0,BASE,0.0,,,
2018-07-04,0.0,1.0,BASE,0.0,,,
2018-07-05,0.0,1.0,BASE,0.0,,,
2018-07-06,0.0,1.0,BASE,0.0,,,
2018-07-07,0.0,1.0,BASE,0.0,,,
2018-07-08,0.0,1.0,BASE,0.0,,,
2018-07-09,0.0,1.0,BASE,0.0,,,
2018-07-10,0.0,1.0,BASE,0.0,,,
2018-07-11,0.0,1.0,BASE,0.0,,,
2018-07-12,0.0,1.0,BASE,0.0,,,
2018-07-13,0.0,1.0,BASE,0.0,,,
2018-07-14,0.0,1.0,BASE,0.0,,,
2018-07-15,0.0,1.0,BASE,0.0,,,
2018-07-16,0.0,1.0,BASE,0.0,,,
2018-07-17,0.0,1.0,BASE,0.0,,,
2018-07-18,0.0,1.0,BASE,0.0,,,
2018-07-19,0.0,1.0,BASE,0.0,,,
2018-07-20,0.0,1.0,BASE,0.0,,,
2018-07-21,0.0,1.0,BASE,0.0,,,
2018-07-22,0.0,1.0,BASE,0.0,,,
2018-07-23,0.0,1.0,BASE,0.0,,,
2018-07-24,0.0,1.0,BASE,0.0,,,
2018-07-25,0.0,1.0,BASE,0.0,,,
2018-07-26,0.0,1.0,BASE,0.0,,,
2018-07-27,0.0,1.0,BASE,0.0,,,
2018-07-28,0.0,1.0,BASE,0.0,,,
2018-07-29,0.0,1.0,BASE,0.0,,,
2018-07-30,0.0,1.0,BASE,0.0,,,
2018-07-31,0.0,1.0,BASE,0.0,,,
2018-08-01,0.0,1.0,BASE,0.0,,,
2018-08-02,0.0,1.0,BASE,0.0,,,
2018-08-03,0.0,1.0,BASE,0.0,,,
2018-08-04,0.0,1.0,BASE,0.0,,,
2018-08-05,0.0,1.0,BASE,0.0,,,
2018-08-06,0.0,1.0,BASE,0.0,,,
2018-08-07,0.0,1.0,BASE,0.0,,,
2018-08-08,0.0,1.0,BASE,0.0,,,
2018-08-09,0.0,1.0,BASE,0.0,,,
2018-08-10,0.0,1.0,BASE,0.0,,,
2018-08-11,0.0,1.0,BASE,0.0,,,
2018-08-12,0.0,1.0,BASE,0.0,,,
2018-08-13,0.0,1.0,BASE,0.0,,,
2018-08-14,0.0,1.0,BASE,0.0,,,
2018-08-15,0.0,1.0,BASE,0.0,,,
2018-08-16,0.0,1.0,BASE,0.0,,,
2018-08-17,0.0,1.0,BASE,0.0,,,
2018-08-18,0.0,1.0,BASE,0.0,,,
2018-08-19,0.0,1.0,BASE,0.0,,,
2018-08-20,0.0,1.0,BASE,0.0,,,
2018-08-21,0.0,1.0,BASE,0.0,,,
2018-08-22,0.0,1.0,BASE,0.0,,,
2018-08-23,0.0,1.0,BASE,0.0,,,
2018-08-24,0.0,1.0,BASE,0.0,,,
2018-08-25,0.0,1.0,BASE,0.0,,,
2018-08-26,0.0,1.0,BASE,0.0,,,
2018-08-27,0.0,1.0,BASE,0.0,,,
2018-08-28,0.0,1.0,BASE,0.0,,,
2018-08-29,0.0,1.0,BASE,0.0,,,
2018-08-30,0.0,1.0,BASE,0.0,,,
2018-08-31,0.0,1.0,BASE,0.0,,,
2018-09-01,0.0,1.0,BASE,0.0,,,
2018-09-02,0.0,1.0,BASE,0.0,,,
2018-09-03,0.0,1.0,BASE,0.0,,,
2018-09-04,0.0,1.0,BASE,0.0,,,
2018-09-05,0.0,1.0,BASE,0.0,,,
2018-09-06,0.0,1.0,BASE,0.0,,,
2018-09-07,0.0,1.0,BASE,0.0,,,
2018-09-08,0.0,1.0,BASE,0.0,,,
2018-09-09,0.0,1.0,BASE,0.0,,,
2018-09-10,0.0,1.0,BASE,0.0,,,
2018-09-11,0.0,1.0,BASE,0.0,,,
2018-09-12,0.0,1.0,BASE,0.0,,,
2018-09-13,0.0,1.0,BASE,0.0,,,
2018-09-14,0.0,1.0,BASE,0.0,,,
2018-09-15,0.0,1.0,BASE,0.0,,,
2018-09-16,0.0,1.0,BASE,0.0,,,
2018-09-17,0.0,1.0,BASE,0.0,,,
2018-09-18,0.0,1.0,BASE,0.0,,,
2018-09-19,0.0,1.0,BASE,0.0,,,
2018-09-20,0.0,1.0,BASE,0.0,,,
2018-09-21,0.0,1.0,BASE,0.0,,,
2018-09-22,0.0,1.0,BASE,0.0,,,
2018-09-23,0.0,1.0,BASE,0.0,,,
2018-09-24,0.0,1.0,BASE,0.0,,,
2018-09-25,0.0,1.0,BASE,0.0,,,
2018-09-26,0.0,1.0,BASE,0.0,,,
2018-09-27,0.0,1.0,BASE,0.0,,,
2018-09-28,0.0,1.0,BASE,0.0,,,
2018-09-29,0.0,1.0,BASE,0.0,,,
2018-09-30,0.0,1.0,BASE,0.0,,,
2018-10-01,0.0,1.0,CASH,CASH,,,
2018-10-02,0.0,1.0,CASH,CASH,,,
2018-10-03,0.0,1.0,CASH,CASH,,,
2018-10-04,0.0,1.0,CASH,CASH,,,
2018-10-05,0.0,1.0,CASH,CASH,,,
2018-10-06,0.0,1.0,CASH,CASH,,,
2018-10-07,0.0,1.0,CASH,CASH,,,
2018-10-08,0.0,1.0,CASH,CASH,,,
2018-10-09,0.0,1.0,CASH,CASH,,,
2018-10-10,0.0,1.0,CASH,CASH,,,
2018-10-11,0.0,1.0,CASH,CASH,,,
2018-10-12,0.0,1.0,CASH,CASH,,,
2018-10-13,0.0,1.0,CASH,CASH,,,
2018-10-14,0.0,1.0,CASH,CASH,,,
2018-10-15,0.0,1.0,CASH,CASH,,,
2018-10-16,0.0,1.0,BASE,0.0,,,
2018-10-17,0.0,1.0,BASE,0.0,,,
2018-10-18,0.0,1.0,BASE,0.0,,,
2018-10-19,0.0,1.0,BASE,0.0,,,
2018-10-20,0.0,1.0,CASH,CASH,,,
2018-10-21,0.0,1.0,CASH,CASH,,,
2018-10-22,0.0,1.0,BASE,0.0,,,
2018-10-23,0.0,1.0,BASE,0.0,,,
2018-10-24,0.0,1.0,CASH,CASH,,,
2018-10-25,0.0,1.0,CASH,CASH,,,
2018-10-26,0.0,1.0,CASH,CASH,,,
2018-10-27,0.0,1.0,CASH,CASH,,,
2018-10-28,0.0,1.0,CASH,CASH,,,
2018-10-29,0.0,1.0,CASH,CASH,,,
2018-10-30,0.0,1.0,CASH,CASH,,,
2018-10-31,0.0,1.0,CASH,CASH,,,
2018-11-01,0.0,1.0,CASH,CASH,,,
2018-11-02,0.0,1.0,CASH,CASH,,,
2018-11-03,0.0,1.0,CASH,CASH,,,
2018-11-04,0.0,1.0,CASH,CASH,,,
2018-11-05,0.0,1.0,CASH,CASH,,,
2018-11-06,0.0,1.0,CASH,CASH,,,
2018-11-07,0.0,1.0,BASE,0.0,,,
2018-11-08,0.0,1.0,BASE,0.0,,,
2018-11-09,0.0,1.0,BASE,0.0,,,
2018-11-10,0.0,1.0,CASH,CASH,,,
2018-11-11,0.0,1.0,CASH,CASH,,,
2018-11-12,0.0,1.0,CASH,CASH,,,
2018-11-13,0.0,1.0,CASH,CASH,,,
2018-11-14,0.0,1.0,CASH,CASH,,,
2018-11-15,0.0,1.0,CASH,CASH,,,
2018-11-16,0.0,1.0,CASH,CASH,,,
2018-11-17,0.0,1.0,CASH,CASH,,,
2018-11-18,0.0,1.0,CASH,CASH,,,
2018-11-19,0.0,1.0,CASH,CASH,,,
2018-11-20,0.0,1.0,CASH,CASH,,,
2018-11-21,0.0,1.0,CASH,CASH,,,
2018-11-22,0.0,1.0,CASH,CASH,,,
2018-11-23,0.0,1.0,CASH,CASH,,,
2018-11-24,0.0,1.0,CASH,CASH,,,
2018-11-25,0.0,1.0,CASH,CASH,,,
2018-11-26,0.0,1.0,CASH,CASH,,,
2018-11-27,0.0,1.0,CASH,CASH,,,
2018-11-28,0.0,1.0,CASH,CASH,,,
2018-11-29,0.0,1.0,CASH,CASH,,,
2018-11-30,0.0,1.0,CASH,CASH,,,
2018-12-01,0.0,1.0,CASH,CASH,,,
2018-12-02,0.0,1.0,CASH,CASH,,,
2018-12-03,0.0,1.0,CASH,CASH,,,
2018-12-04,0.0,1.0,CASH,CASH,,,
2018-12-05,0.0,1.0,CASH,CASH,,,
2018-12-06,0.0,1.0,CASH,CASH,,,
2018-12-07,0.0,1.0,CASH,CASH,,,
2018-12-08,0.0,1.0,CASH,CASH,,,
2018-12-09,0.0,1.0,CASH,CASH,,,
2018-12-10,0.0,1.0,CASH,CASH,,,
2018-12-11,0.0,1.0,CASH,CASH,,,
2018-12-12,0.0,1.0,CASH,CASH,,,
2018-12-13,0.0,1.0,CASH,CASH,,,
2018-12-14,0.0,1.0,CASH,CASH,,,
2018-12-15,0.0,1.0,CASH,CASH,,,
2018-12-16,0.0,1.0,CASH,CASH,,,
2018-12-17,0.0,1.0,CASH,CASH,,,
2018-12-18,0.0,1.0,CASH,CASH,,,
2018-12-19,0.0,1.0,CASH,CASH,,,
2018-12-20,0.0,1.0,CASH,CASH,,,
2018-12-21,0.0,1.0,CASH,CASH,,,
2018-12-22,0.0,1.0,CASH,CASH,,,
2018-12-23,0.0,1.0,CASH,CASH,,,
2018-12-24,0.0,1.0,CASH,CASH,,,
2018-12-25,0.0,1.0,CASH,CASH,,,
2018-12-26,0.0,1.0,CASH,CASH,,,
2018-12-27,0.0,1.0,CASH,CASH,,,
2018-12-28,0.0,1.0,CASH,CASH,,,
2018-12-29,0.0,1.0,CASH,CASH,,,
2018-12-30,0.0,1.0,CASH,CASH,,,
2018-12-31,0.0,1.0,CASH,CASH,,,
2019-01-01,0.0,1.0,CASH,CASH,,,
2019-01-02,0.0,1.0,CASH,CASH,,,
2019-01-03,0.0,1.0,CASH,CASH,,,
2019-01-04,0.0,1.0,CASH,CASH,,,
2019-01-05,0.0,1.0,CASH,CASH,,,
2019-01-06,0.0,1.0,CASH,CASH,,,
2019-01-07,0.0,1.0,CASH,CASH,,,
2019-01-08,0.0,1.0,CASH,CASH,,,
2019-01-09,0.0,1.0,CASH,CASH,,,
2019-01-10,0.0,1.0,CASH,CASH,,,
2019-01-11,0.0,1.0,CASH,CASH,,,
2019-01-12,0.0,1.0,CASH,CASH,,,
2019-01-13,0.0,1.0,CASH,CASH,,,
2019-01-14,0.0,1.0,CASH,CASH,,,
2019-01-15,0.0,1.0,CASH,CASH,,,
2019-01-16,0.0,1.0,CASH,CASH,,,
2019-01-17,0.0,1.0,CASH,CASH,,,
2019-01-18,0.0,1.0,CASH,CASH,,,
2019-01-19,0.0,1.0,CASH,CASH,,,
2019-01-20,0.0,1.0,CASH,CASH,,,
2019-01-21,0.0,1.0,CASH,CASH,,,
2019-01-22,0.0,1.0,CASH,CASH,,,
2019-01-23,0.0,1.0,CASH,CASH,,,
2019-01-24,0.0,1.0,CASH,CASH,,,
2019-01-25,0.0,1.0,CASH,CASH,,,
2019-01-26,0.0,1.0,CASH,CASH,,,
2019-01-27,0.0,1.0,CASH,CASH,,,
2019-01-28,0.0,1.0,CASH,CASH,,,
2019-01-29,0.0,1.0,CASH,CASH,,,
2019-01-30,0.0,1.0,CASH,CASH,,,
2019-01-31,0.0,1.0,CASH,CASH,,,
2019-02-01,0.0,1.0,CASH,CASH,,,
2019-02-02,0.0,1.0,CASH,CASH,,,
2019-02-03,0.0,1.0,CASH,CASH,,,
2019-02-04,0.0,1.0,CASH,CASH,,,
2019-02-05,0.0,1.0,CASH,CASH,,,
2019-02-06,0.0,1.0,CASH,CASH,,,
2019-02-07,0.0,1.0,CASH,CASH,,,
2019-02-08,0.0,1.0,CASH,CASH,,,
2019-02-09,0.0,1.0,CASH,CASH,,,
2019-02-10,0.0,1.0,CASH,CASH,,,
2019-02-11,0.0,1.0,CASH,CASH,,,
2019-02-12,0.0,1.0,CASH,CASH,,,
2019-02-13,0.0,1.0,CASH,CASH,,,
2019-02-14,0.0,1.0,CASH,CASH,,,
2019-02-15,0.0,1.0,CASH,CASH,,,
2019-02-16,0.0,1.0,CASH,CASH,,,
2019-02-17,0.0,1.0,CASH,CASH,,,
2019-02-18,0.0,1.0,CASH,CASH,,,
2019-02-19,0.0,1.0,CASH,CASH,,,
2019-02-20,0.0,1.0,CASH,CASH,,,
2019-02-21,0.0,1.0,CASH,CASH,,,
2019-02-22,0.0,1.0,CASH,CASH,,,
2019-02-23,0.0,1.0,CASH,CASH,,,
2019-02-24,0.0,1.0,CASH,CASH,,,
2019-02-25,0.0,1.0,CASH,CASH,,,
2019-02-26,0.0,1.0,CASH,CASH,,,
2019-02-27,0.0,1.0,CASH,CASH,,,
2019-02-28,0.0,1.0,CASH,CASH,,,
2019-03-01,0.0,1.0,CASH,CASH,,,
2019-03-02,0.0,1.0,CASH,CASH,,,
2019-03-03,0.0,1.0,CASH,CASH,,,
2019-03-04,0.0,1.0,CASH,CASH,,,
2019-03-05,0.0,1.0,CASH,CASH,,,
2019-03-06,0.0,1.0,CASH,CASH,,,
2019-03-07,0.0,1.0,CASH,CASH,,,
2019-03-08,0.0,1.0,CASH,CASH,,,
2019-03-09,0.0,1.0,CASH,CASH,,,
2019-03-10,0.0,1.0,CASH,CASH,,,
2019-03-11,0.0,1.0,CASH,CASH,,,
2019-03-12,0.0,1.0,CASH,CASH,,,
2019-03-13,0.0,1.0,CASH,CASH,,,
2019-03-14,0.0,1.0,CASH,CASH,,,
2019-03-15,0.0,1.0,CASH,CASH,,,
2019-03-16,0.0,1.0,CASH,CASH,,,
2019-03-17,0.0,1.0,CASH,CASH,,,
2019-03-18,0.0,1.0,CASH,CASH,,,
2019-03-19,0.0,1.0,CASH,CASH,,,
2019-03-20,0.0,1.0,CASH,CASH,,,
2019-03-21,0.0,1.0,CASH,CASH,,,
2019-03-22,0.0,1.0,CASH,CASH,,,
2019-03-23,0.0,1.0,CASH,CASH,,,
2019-03-24,0.0,1.0,CASH,CASH,,,
2019-03-25,0.0,1.0,CASH,CASH,,,
2019-03-26,0.0,1.0,CASH,CASH,,,
2019-03-27,0.0,1.0,CASH,CASH,,,
2019-03-28,0.0157024793388427,1.0157024793388427,BASE,0.0193055032630521,,,
2019-03-29,-0.016273393002441,0.999173553719008,BASE,0.0699333014579819,,,
2019-03-30,0.0004962779156325,0.9996694214876028,BASE,0.046093790810068,,,
2019-03-31,0.0170255451144969,1.0166893383227231,BASE,0.0331580782900893,,,
2019-04-01,0.1021141719958855,1.1205077282825928,BASE,0.0179437381619538,,,
2019-04-02,0.1065337327429016,1.2398795991438065,BASE,0.1680264400802102,,,
2019-04-03,-0.0014999999999998,1.238019779745091,BASE,0.0,,,
2019-04-04,0.0,1.238019779745091,BASE,0.0,,,
2019-04-05,0.0,1.238019779745091,BASE,0.0,,,
2019-04-06,0.0,1.238019779745091,BASE,0.0,,,
2019-04-07,0.0,1.238019779745091,BASE,0.0,,,
2019-04-08,-0.0245528200537152,1.2076229028700696,BASE,0.0,,,
2019-04-09,0.0144329896907215,1.2250525117774727,BASE,0.0408915869705067,,,
2019-04-10,-0.0736788617886179,1.134792037078421,BASE,0.0650795585718266,,,
2019-04-11,-0.0014999999999999,1.1330898490228034,BASE,0.0361514495079161,,,
2019-04-12,0.0,1.1330898490228034,BASE,0.0,,,
2019-04-13,0.0,1.1330898490228034,BASE,0.0,,,
2019-04-14,0.0,1.1330898490228034,BASE,0.0,,,
2019-04-15,0.0,1.1330898490228034,BASE,0.0,,,
2019-04-16,0.0041245796061635,1.1377633683060338,BASE,0.0,,,
2019-04-17,0.0106903563836533,1.149926464193491,BASE,0.0270200357309378,,,
2019-04-18,4.564091251402225e-05,1.149978947886641,BASE,0.1124572976535369,,,
2019-04-19,0.0062848471479532,1.1572063897974727,BASE,0.1109700383389753,,,
2019-04-20,-0.0067255887961025,1.1494234954674725,BASE,0.0171538093647036,,,
2019-04-21,0.0192156221105221,1.171510383001331,BASE,0.0,,,
2019-04-22,0.0254184135564872,1.2012883184021774,BASE,0.0449044324597369,,,
2019-04-23,-0.014255521716415,1.1841633266915195,BASE,0.0,,,
2019-04-24,-0.0360295475530931,1.1414984578018585,BASE,0.0330748244752194,,,
2019-04-25,0.0180463227264888,1.1620983073631401,BASE,0.0278575045423405,,,
2019-04-26,-0.0034643683784646,1.158072370734444,BASE,0.0227273132942236,,,
2019-04-27,0.002233892089605,1.1606593794426179,BASE,0.0121923695231207,,,
2019-04-28,-0.013072018569878,1.1454872184812408,BASE,0.024076266431106,,,
2019-04-29,0.0157823196783586,1.1635656639507856,BASE,0.0,,,
2019-04-30,0.0117256583114226,1.1772092373491763,BASE,0.0792523053400582,,,
2019-05-01,0.020372640808441,1.20119209829807,BASE,0.0,,,
2019-05-02,0.0509424035158305,1.2623837108695974,BASE,0.0590558470428121,,,
2019-05-03,0.0509424035158305,1.326692571260528,BTC,BTC,,,
2019-05-04,0.0098325044303435,1.339737281845151,BTC,BTC,,,
2019-05-05,-0.0092341473037764,1.3273659504362318,BTC,BTC,,,
2019-05-06,-0.0048185303049715,1.3209699973782676,BTC,BTC,,,
2019-05-07,0.0171457203551277,1.343618979550829,BTC,BTC,,,
2019-05-08,0.024109100736529,1.3760124248803325,BTC,BTC,,,
2019-05-09,0.0264366631342625,1.4123896018254536,BASE,0.0,,,
2019-05-10,0.1102861455471473,1.568156607021653,BASE,0.0148504676808636,,,
2019-05-11,-0.0153909855826981,1.54402113129157,BASE,0.0601288053556083,,,
2019-05-12,0.1181804742432874,1.726494280829265,BASE,0.019596523434942,,,BNB
2019-05-13,0.0201329532224918,1.7612537094241003,BASE,0.007581728174701,,,BNB
2019-05-14,0.0279721071624499,1.8105196869243736,BASE,0.2418621715885174,,,BNB
2019-05-15,-0.0371217657074103,1.743309999297713,BASE,0.1185158780501196,,,BNB
2019-05-16,-0.0650002097478068,1.6299944836879128,BASE,0.1022164855784298,,,BNB
2019-05-17,-0.0014999999999999,1.627549491962381,BASE,0.0456269405228897,,,BNB
2019-05-18,0.0,1.627549491962381,BASE,0.0,,,
2019-05-19,0.0,1.627549491962381,BASE,0.0,BNB,BNB,BNB
2019-05-20,0.0,1.627549491962381,BASE,0.0,BNB,BNB,BNB
2019-05-21,0.0,1.627549491962381,BASE,0.0,BNB,BNB,BNB
2019-05-22,0.0,1.627549491962381,BASE,0.0,BNB,BNB,BNB
2019-05-23,0.0,1.627549491962381,BASE,0.0,BNB,BNB,BNB
2019-05-24,0.0,1.627549491962381,BASE,0.0,BNB,BNB,BNB
2019-05-25,0.0,1.627549491962381,BASE,0.0,,,
2019-05-26,0.0,1.627549491962381,BASE,0.0,,,BNB
2019-05-27,0.0,1.627549491962381,BASE,0.0,,,BNB
2019-05-28,0.0,1.627549491962381,BASE,0.0,,,BNB
2019-05-29,0.0,1.627549491962381,BASE,0.0,,,BNB
2019-05-30,0.0,1.627549491962381,BASE,0.0,,,BNB
2019-05-31,0.0,1.627549491962381,BASE,0.0,,,BNB
2019-06-01,0.0,1.627549491962381,BASE,0.0,,,
2019-06-02,0.0,1.627549491962381,BASE,0.0,,,
2019-06-03,0.0,1.627549491962381,BASE,0.0,,,
2019-06-04,0.0,1.627549491962381,CASH,CASH,,,
2019-06-05,0.0,1.627549491962381,CASH,CASH,,,
2019-06-06,0.0,1.627549491962381,CASH,CASH,,,
2019-06-07,0.0,1.627549491962381,CASH,CASH,,,
2019-06-08,0.0,1.627549491962381,CASH,CASH,,,
2019-06-09,0.0,1.627549491962381,CASH,CASH,,,
2019-06-10,0.0,1.627549491962381,CASH,CASH,,,
2019-06-11,0.0307854253065986,1.6776542952799816,BASE,0.0628964727260519,,,
2019-06-12,0.011184058349041,1.6964172788079122,BASE,0.0677046227373272,,,
2019-06-13,0.0524983756238941,1.7854764303256343,BASE,0.0,,,
2019-06-14,0.0183468208092485,1.8182342464519554,BASE,0.0,,,
2019-06-15,-0.0014999999999999,1.8155068950822775,BASE,0.0236228761604484,,,
2019-06-16,0.0,1.8155068950822775,BASE,0.0,,,
2019-06-17,0.0,1.8155068950822775,BASE,0.0,,,
2019-06-18,0.0,1.8155068950822775,BASE,0.0,,,
2019-06-19,0.0,1.8155068950822775,BASE,0.0,,,
2019-06-20,0.066035136680004,1.9353941410425255,BASE,0.0,,,
2019-06-21,0.0560677017202992,2.0439072424537126,BASE,0.0177461847564681,,,
2019-06-22,0.0164564984388835,2.077542798798375,BASE,0.0776286080195676,,,
2019-06-23,0.013801488528865,2.1062159819042168,BASE,0.006534431744622,,,
2019-06-24,0.0691234820138939,2.251804964446749,BASE,0.0114846440237035,,,
2019-06-25,0.1076859044096623,2.4942926185973646,BASE,0.0,,,
2019-06-26,-0.1347057385938385,2.158297089140047,BASE,0.0,,,
2019-06-27,-0.0015,2.155059643506337,BASE,0.0871129270741077,,,
2019-06-28,0.0,2.155059643506337,CASH,CASH,,,
2019-06-29,0.0,2.155059643506337,CASH,CASH,,,
2019-06-30,0.0,2.155059643506337,CASH,CASH,,,
2019-07-01,0.0,2.155059643506337,CASH,CASH,,,
2019-07-02,0.0,2.155059643506337,CASH,CASH,,,
2019-07-03,0.0,2.155059643506337,CASH,CASH,,,
2019-07-04,0.0,2.155059643506337,CASH,CASH,,,
2019-07-05,0.0,2.155059643506337,CASH,CASH,,,
2019-07-06,0.0,2.155059643506337,CASH,CASH,,,
2019-07-07,0.0,2.155059643506337,CASH,CASH,,,
2019-07-08,0.0,2.155059643506337,CASH,CASH,,,
2019-07-09,0.0,2.155059643506337,CASH,CASH,,,
2019-07-10,0.0,2.155059643506337,CASH,CASH,,,
2019-07-11,0.0,2.155059643506337,CASH,CASH,,,
2019-07-12,0.0,2.155059643506337,CASH,CASH,,,
2019-07-13,0.0,2.155059643506337,CASH,CASH,,,
2019-07-14,0.0,2.155059643506337,CASH,CASH,,,
2019-07-15,0.0,2.155059643506337,CASH,CASH,,,
2019-07-16,0.0,2.155059643506337,CASH,CASH,,,
2019-07-17,0.0,2.155059643506337,CASH,CASH,,,
2019-07-18,0.0,2.155059643506337,CASH,CASH,,,
2019-07-19,0.0,2.155059643506337,CASH,CASH,,,
2019-07-20,0.0,2.155059643506337,CASH,CASH,,,
2019-07-21,0.0,2.155059643506337,CASH,CASH,,,BNB
2019-07-22,0.0,2.155059643506337,CASH,CASH,,,BNB
2019-07-23,0.0,2.155059643506337,CASH,CASH,,,BNB
2019-07-24,0.0,2.155059643506337,CASH,CASH,,,BNB
2019-07-25,0.0,2.155059643506337,CASH,CASH,,,BNB
2019-07-26,0.0,2.155059643506337,CASH,CASH,,,BNB
2019-07-27,0.0,2.155059643506337,CASH,CASH,,,
2019-07-28,0.0,2.155059643506337,CASH,CASH,,,BNB
2019-07-29,0.0,2.155059643506337,CASH,CASH,,,BNB
2019-07-30,0.0,2.155059643506337,CASH,CASH,,,BNB
2019-07-31,0.0,2.155059643506337,CASH,CASH,,,BNB
2019-08-01,0.0,2.155059643506337,CASH,CASH,,,BNB
2019-08-02,0.0,2.155059643506337,CASH,CASH,,,BNB
2019-08-03,0.0,2.155059643506337,CASH,CASH,,,
2019-08-04,0.0,2.155059643506337,CASH,CASH,,,BNB
2019-08-05,0.0,2.155059643506337,CASH,CASH,,,BNB
2019-08-06,0.0,2.155059643506337,CASH,CASH,,,BNB
2019-08-07,0.0,2.155059643506337,CASH,CASH,,,BNB
2019-08-08,0.0,2.155059643506337,CASH,CASH,,,BNB
2019-08-09,0.0,2.155059643506337,CASH,CASH,,,BNB
2019-08-10,0.0,2.155059643506337,CASH,CASH,,,
2019-08-11,0.0,2.155059643506337,CASH,CASH,,,BNB
2019-08-12,0.0,2.155059643506337,CASH,CASH,,,BNB
2019-08-13,0.0,2.155059643506337,CASH,CASH,,,BNB
2019-08-14,0.0,2.155059643506337,BASE,0.0,,,BNB
2019-08-15,0.0,2.155059643506337,BASE,0.0,,,BNB
2019-08-16,0.0,2.155059643506337,BASE,0.0,,,BNB
2019-08-17,0.0,2.155059643506337,BASE,0.0,,,
2019-08-18,0.0,2.155059643506337,BASE,0.0,,,BNB
2019-08-19,0.0,2.155059643506337,BASE,0.0,,,BNB
2019-08-20,0.0,2.155059643506337,BASE,0.0,,,BNB
2019-08-21,0.0,2.155059643506337,BASE,0.0,,,BNB
2019-08-22,0.0,2.155059643506337,BASE,0.0,,,BNB
2019-08-23,0.0,2.155059643506337,BASE,0.0,,,BNB
2019-08-24,0.0,2.155059643506337,BASE,0.0,,,
2019-08-25,0.0,2.155059643506337,BASE,0.0,,,BNB
2019-08-26,0.0,2.155059643506337,BASE,0.0,,,BNB
2019-08-27,0.0,2.155059643506337,BASE,0.0,,,BNB
2019-08-28,0.0,2.155059643506337,BASE,0.0,,,BNB
2019-08-29,0.0,2.155059643506337,BASE,0.0,,,BNB
2019-08-30,0.0,2.155059643506337,BASE,0.0,,,BNB
2019-08-31,0.0,2.155059643506337,BASE,0.0,,,
2019-09-01,0.0,2.155059643506337,BASE,0.0,,,BNB
2019-09-02,0.0,2.155059643506337,BASE,0.0,,,BNB
2019-09-03,0.0,2.155059643506337,BASE,0.0,,,BNB
2019-09-04,0.0,2.155059643506337,BASE,0.0,,,BNB
2019-09-05,0.0,2.155059643506337,BASE,0.0,,,BNB
2019-09-06,0.0,2.155059643506337,BASE,0.0,,,BNB
2019-09-07,0.0,2.155059643506337,BASE,0.0,,,
2019-09-08,0.0,2.155059643506337,BASE,0.0,,,BNB
2019-09-09,0.0,2.155059643506337,BASE,0.0,,,BNB
2019-09-10,0.0,2.155059643506337,BASE,0.0,,,BNB
2019-09-11,0.0,2.155059643506337,BASE,0.0,,,BNB
2019-09-12,0.0,2.155059643506337,BASE,0.0,,,BNB
2019-09-13,0.0,2.155059643506337,BASE,0.0,,,BNB
2019-09-14,0.0,2.155059643506337,BASE,0.0,,,
2019-09-15,0.0,2.155059643506337,BASE,0.0,,,BNB
2019-09-16,0.0,2.155059643506337,BASE,0.0,,,BNB
2019-09-17,0.0,2.155059643506337,BASE,0.0,,,BNB
2019-09-18,0.0,2.155059643506337,BASE,0.0,,,BNB
2019-09-19,0.0,2.155059643506337,BASE,0.0,,,BNB
2019-09-20,0.0,2.155059643506337,BASE,0.0,,,BNB
2019-09-21,0.0,2.155059643506337,BASE,0.0,,,
2019-09-22,0.0,2.155059643506337,BASE,0.0,,,BNB
2019-09-23,0.0,2.155059643506337,BASE,0.0,,,BNB
2019-09-24,0.0,2.155059643506337,BASE,0.0,,,BNB
2019-09-25,0.0,2.155059643506337,CASH,CASH,,,BNB
2019-09-26,0.0,2.155059643506337,CASH,CASH,,,BNB
2019-09-27,0.0,2.155059643506337,CASH,CASH,,,BNB
2019-09-28,0.0,2.155059643506337,CASH,CASH,,,
2019-09-29,0.0,2.155059643506337,CASH,CASH,,,BNB
2019-09-30,0.0,2.155059643506337,CASH,CASH,,,BNB
2019-10-01,0.0,2.155059643506337,CASH,CASH,,,BNB
2019-10-02,0.0,2.155059643506337,CASH,CASH,,,BNB
2019-10-03,0.0,2.155059643506337,CASH,CASH,,,BNB
2019-10-04,0.0,2.155059643506337,CASH,CASH,,,BNB
2019-10-05,0.0,2.155059643506337,CASH,CASH,,,
2019-10-06,0.0,2.155059643506337,CASH,CASH,,,BNB
2019-10-07,0.0,2.155059643506337,CASH,CASH,,,BNB
2019-10-08,0.0,2.155059643506337,CASH,CASH,,,BNB
2019-10-09,0.0,2.155059643506337,CASH,CASH,,,BNB
2019-10-10,0.0,2.155059643506337,CASH,CASH,,,BNB
2019-10-11,0.0,2.155059643506337,CASH,CASH,,,BNB
2019-10-12,0.0,2.155059643506337,CASH,CASH,,,
2019-10-13,0.0,2.155059643506337,CASH,CASH,,,BNB
2019-10-14,0.0,2.155059643506337,CASH,CASH,,,BNB
2019-10-15,0.0,2.155059643506337,CASH,CASH,,,BNB
2019-10-16,0.0,2.155059643506337,CASH,CASH,,,BNB
2019-10-17,0.0,2.155059643506337,CASH,CASH,,,BNB
2019-10-18,0.0,2.155059643506337,CASH,CASH,,,BNB
2019-10-19,0.0,2.155059643506337,CASH,CASH,,,
2019-10-20,0.0,2.155059643506337,CASH,CASH,,,
2019-10-21,0.0,2.155059643506337,CASH,CASH,,,
2019-10-22,0.0,2.155059643506337,CASH,CASH,,,
2019-10-23,0.0,2.155059643506337,CASH,CASH,,,
2019-10-24,0.0,2.155059643506337,CASH,CASH,,,
2019-10-25,0.0,2.155059643506337,CASH,CASH,,,
2019-10-26,0.0,2.155059643506337,CASH,CASH,,,
2019-10-27,0.0,2.155059643506337,CASH,CASH,,,
2019-10-28,0.0,2.155059643506337,BASE,0.0,,,
2019-10-29,0.0,2.155059643506337,CASH,CASH,,,
2019-10-30,0.0,2.155059643506337,CASH,CASH,,,
2019-10-31,0.0,2.155059643506337,CASH,CASH,,,
2019-11-01,0.0,2.155059643506337,CASH,CASH,,,
2019-11-02,0.0,2.155059643506337,CASH,CASH,,,
2019-11-03,0.0,2.155059643506337,CASH,CASH,,,
2019-11-04,0.0,2.155059643506337,CASH,CASH,,,
2019-11-05,0.0,2.155059643506337,CASH,CASH,,,
2019-11-06,0.0,2.155059643506337,CASH,CASH,,,
2019-11-07,0.0,2.155059643506337,CASH,CASH,,,
2019-11-08,0.0,2.155059643506337,CASH,CASH,,,
2019-11-09,0.0,2.155059643506337,CASH,CASH,,,
2019-11-10,0.0,2.155059643506337,CASH,CASH,,,
2019-11-11,0.0,2.155059643506337,CASH,CASH,,,
2019-11-12,0.0,2.155059643506337,CASH,CASH,,,
2019-11-13,0.0,2.155059643506337,CASH,CASH,,,
2019-11-14,0.0,2.155059643506337,CASH,CASH,,,
2019-11-15,0.0,2.155059643506337,CASH,CASH,,,
2019-11-16,0.0,2.155059643506337,CASH,CASH,,,
2019-11-17,0.0,2.155059643506337,CASH,CASH,,,
2019-11-18,0.0,2.155059643506337,CASH,CASH,,,
2019-11-19,0.0,2.155059643506337,CASH,CASH,,,
2019-11-20,0.0,2.155059643506337,CASH,CASH,,,
2019-11-21,0.0,2.155059643506337,CASH,CASH,,,
2019-11-22,0.0,2.155059643506337,CASH,CASH,,,
2019-11-23,0.0,2.155059643506337,CASH,CASH,,,
2019-11-24,0.0,2.155059643506337,CASH,CASH,,,LINK
2019-11-25,0.0,2.155059643506337,CASH,CASH,,,LINK
2019-11-26,0.0,2.155059643506337,CASH,CASH,,,LINK
2019-11-27,0.0,2.155059643506337,CASH,CASH,,,LINK
2019-11-28,0.0,2.155059643506337,CASH,CASH,,,LINK
2019-11-29,0.0,2.155059643506337,CASH,CASH,,,LINK
2019-11-30,0.0,2.155059643506337,CASH,CASH,,,
2019-12-01,0.0,2.155059643506337,CASH,CASH,,,LINK
2019-12-02,0.0,2.155059643506337,CASH,CASH,,,LINK
2019-12-03,0.0,2.155059643506337,CASH,CASH,,,LINK
2019-12-04,0.0,2.155059643506337,CASH,CASH,,,LINK
2019-12-05,0.0,2.155059643506337,CASH,CASH,,,LINK
2019-12-06,0.0,2.155059643506337,CASH,CASH,,,LINK
2019-12-07,0.0,2.155059643506337,CASH,CASH,,,
2019-12-08,0.0,2.155059643506337,CASH,CASH,,,LINK
2019-12-09,0.0,2.155059643506337,CASH,CASH,,,LINK
2019-12-10,0.0,2.155059643506337,CASH,CASH,,,LINK
2019-12-11,0.0,2.155059643506337,CASH,CASH,,,LINK
2019-12-12,0.0,2.155059643506337,CASH,CASH,,,LINK
2019-12-13,0.0,2.155059643506337,CASH,CASH,,,LINK
2019-12-14,0.0,2.155059643506337,CASH,CASH,,,
2019-12-15,0.0,2.155059643506337,CASH,CASH,,,LINK
2019-12-16,0.0,2.155059643506337,CASH,CASH,,,LINK
2019-12-17,0.0,2.155059643506337,CASH,CASH,,,LINK
2019-12-18,0.0,2.155059643506337,CASH,CASH,,,LINK
2019-12-19,0.0,2.155059643506337,CASH,CASH,,,LINK
2019-12-20,0.0,2.155059643506337,CASH,CASH,,,LINK
2019-12-21,0.0,2.155059643506337,CASH,CASH,,,
2019-12-22,0.0,2.155059643506337,CASH,CASH,,,LINK
2019-12-23,0.0,2.155059643506337,CASH,CASH,,,LINK
2019-12-24,0.0,2.155059643506337,CASH,CASH,,,LINK
2019-12-25,0.0,2.155059643506337,CASH,CASH,,,LINK
2019-12-26,0.0,2.155059643506337,CASH,CASH,,,LINK
2019-12-27,0.0,2.155059643506337,CASH,CASH,,,LINK
2019-12-28,0.0,2.155059643506337,CASH,CASH,,,
2019-12-29,0.0,2.155059643506337,CASH,CASH,,,
2019-12-30,0.0,2.155059643506337,CASH,CASH,,,
2019-12-31,0.0,2.155059643506337,CASH,CASH,,,
2020-01-01,0.0,2.155059643506337,CASH,CASH,,,
2020-01-02,0.0,2.155059643506337,CASH,CASH,,,
2020-01-03,0.0,2.155059643506337,CASH,CASH,,,
2020-01-04,0.0,2.155059643506337,CASH,CASH,,,
2020-01-05,0.0,2.155059643506337,CASH,CASH,,,
2020-01-06,0.0,2.155059643506337,CASH,CASH,,,
2020-01-07,0.0,2.155059643506337,CASH,CASH,,,
2020-01-08,0.0,2.155059643506337,CASH,CASH,,,
2020-01-09,0.0,2.155059643506337,CASH,CASH,,,
2020-01-10,0.0,2.155059643506337,CASH,CASH,,,
2020-01-11,0.0,2.155059643506337,CASH,CASH,,,
2020-01-12,0.0,2.155059643506337,CASH,CASH,,,LINK
2020-01-13,0.0,2.155059643506337,CASH,CASH,,,LINK
2020-01-14,0.0,2.155059643506337,CASH,CASH,,,LINK
2020-01-15,0.0,2.155059643506337,BASE,0.0,,,LINK
2020-01-16,0.0,2.155059643506337,BASE,0.0,,,LINK
2020-01-17,0.0,2.155059643506337,BASE,0.0,,,LINK
2020-01-18,0.0,2.155059643506337,BASE,0.0,,,
2020-01-19,0.0,2.155059643506337,BASE,0.0,,,LINK
2020-01-20,-0.006820506337842,2.1403610455493745,BTC,BTC,,,LINK
2020-01-21,0.0108396443097074,2.1635617979774833,BTC,BTC,,,LINK
2020-01-22,-0.0061435228587813,2.1502699066152227,BTC,BTC,,,LINK
2020-01-23,-0.0320005159887404,2.081460160088475,BTC,BTC,,,LINK
2020-01-24,0.0041025543398076,2.0899994635013823,BTC,BTC,,,LINK
2020-01-25,-0.011662519255836,2.0656248045136105,BTC,BTC,,,
2020-01-26,0.0329017886046294,2.133587555168196,BTC,BTC,,,"ETC,LINK"
2020-01-27,0.0339605339524085,2.206045327775922,BTC,BTC,,,"ETC,LINK"
2020-01-28,0.0523869023762932,2.321613208999797,BTC,BTC,,,"ETC,LINK"
2020-01-29,-0.0077531866685297,2.3036133084182975,BTC,BTC,,,"ETC,LINK"
2020-01-30,0.0227575463391505,2.356037895032111,BTC,BTC,,,"ETC,LINK"
2020-01-31,-0.0168523558294203,2.316333106077431,BTC,BTC,,,"ETC,LINK"
2020-02-01,0.0033914650979538,2.3241888689619277,BTC,BTC,,,
2020-02-02,-0.0056581999678196,2.3110381435783607,BTC,BTC,ETC,ETC,"ETC,LINK"
2020-02-03,-0.0042083221257868,2.3013125506252026,BTC,BTC,ETC,ETC,"ETC,LINK"
2020-02-04,-0.010247260079378,2.2777304023950093,BTC,BTC,ETC,ETC,"ETC,LINK"
2020-02-05,0.0451254862988228,2.3805140944606977,BTC,BTC,ETC,ETC,"ETC,LINK"
2020-02-06,0.0166416286241004,2.4201297259551495,BTC,BTC,ETC,ETC,"ETC,LINK"
2020-02-07,0.0042703643061807,2.4304645615531952,BTC,BTC,ETC,ETC,"ETC,LINK"
2020-02-08,0.0082863498384406,2.4506042411801574,BTC,BTC,,,
2020-02-09,0.0259422640613236,2.5141784635146527,BTC,BTC,ETC,ETC,"ETC,LINK"
2020-02-10,-0.0295436747358829,2.439900392760614,BTC,BTC,ETC,ETC,"ETC,LINK"
2020-02-11,0.0376833542600714,2.5318440236202995,BTC,BTC,ETC,ETC,"ETC,LINK"
2020-02-12,0.0101124123062716,2.557447074282318,BTC,BTC,ETC,ETC,"ETC,LINK"
2020-02-13,0.0627236135957065,2.717859396361072,BASE,0.065290440497246,ETC,ETC,"ETC,LINK"
2020-02-14,-0.0710853936524634,2.524659291278699,BASE,0.0790279664378288,ETC,ETC,"ETC,LINK"
2020-02-15,-0.0227650256720025,2.46718535769968,BASE,0.0480623480130599,,,
2020-02-16,-0.0014999999999999,2.4634845796631306,BASE,0.0534072402368829,ETC,ETC,"ADA,ETC,ETH,LINK,TRX,XTZ"
2020-02-17,0.0,2.4634845796631306,BASE,0.0,ETC,ETC,"ADA,ETC,ETH,LINK,TRX,XTZ"
2020-02-18,0.0,2.4634845796631306,BASE,0.0,ETC,ETC,"ADA,ETC,ETH,LINK,TRX,XTZ"
2020-02-19,0.0,2.4634845796631306,BASE,0.0,ETC,ETC,"ADA,ETC,ETH,LINK,TRX,XTZ"
2020-02-20,0.0,2.4634845796631306,BASE,0.0,ETC,ETC,"ADA,ETC,ETH,LINK,TRX,XTZ"
2020-02-21,0.0,2.4634845796631306,BASE,0.0,ETC,ETC,"ADA,ETC,ETH,LINK,TRX,XTZ"
2020-02-22,0.0,2.4634845796631306,BASE,0.0,,,
2020-02-23,0.0,2.4634845796631306,BASE,0.0,XTZ,XTZ,"ALGO,ETC,ETH,IOTA,LINK,XTZ"
2020-02-24,0.0,2.4634845796631306,BASE,0.0,XTZ,XTZ,"ALGO,ETC,ETH,IOTA,LINK,XTZ"
2020-02-25,0.0,2.4634845796631306,BASE,0.0,XTZ,XTZ,"ALGO,ETC,ETH,IOTA,LINK,XTZ"
2020-02-26,0.0,2.4634845796631306,BASE,0.0,XTZ,XTZ,"ALGO,ETC,ETH,IOTA,LINK,XTZ"
2020-02-27,0.0,2.4634845796631306,BASE,0.0,XTZ,XTZ,"ALGO,ETC,ETH,IOTA,LINK,XTZ"
2020-02-28,0.0,2.4634845796631306,BASE,0.0,XTZ,XTZ,"ALGO,ETC,ETH,IOTA,LINK,XTZ"
2020-02-29,0.0,2.4634845796631306,BASE,0.0,,,
2020-03-01,0.0,2.4634845796631306,BASE,0.0,XTZ,XTZ,"ALGO,ETC,ETH,IOTA,LINK,XTZ"
2020-03-02,0.0,2.4634845796631306,BASE,0.0,XTZ,XTZ,"ALGO,ETC,ETH,IOTA,LINK,XTZ"
2020-03-03,0.0,2.4634845796631306,BASE,0.0,XTZ,XTZ,"ALGO,ETC,ETH,IOTA,LINK,XTZ"
2020-03-04,0.0,2.4634845796631306,BASE,0.0,XTZ,XTZ,"ALGO,ETC,ETH,IOTA,LINK,XTZ"
2020-03-05,0.0,2.4634845796631306,BASE,0.0,XTZ,XTZ,"ALGO,ETC,ETH,IOTA,LINK,XTZ"
2020-03-06,0.0,2.4634845796631306,BASE,0.0,XTZ,XTZ,"ALGO,ETC,ETH,IOTA,LINK,XTZ"
2020-03-07,0.0,2.4634845796631306,BASE,0.0,,,
2020-03-08,0.0,2.4634845796631306,BASE,0.0,XTZ,XTZ,"ADA,ALGO,ETC,ETH,LINK,XTZ"
2020-03-09,0.0,2.4634845796631306,CASH,CASH,XTZ,XTZ,"ADA,ALGO,ETC,ETH,LINK,XTZ"
2020-03-10,0.0,2.4634845796631306,CASH,CASH,XTZ,XTZ,"ADA,ALGO,ETC,ETH,LINK,XTZ"
2020-03-11,0.0,2.4634845796631306,CASH,CASH,XTZ,XTZ,"ADA,ALGO,ETC,ETH,LINK,XTZ"
2020-03-12,0.0,2.4634845796631306,CASH,CASH,XTZ,XTZ,"ADA,ALGO,ETC,ETH,LINK,XTZ"
2020-03-13,0.0,2.4634845796631306,CASH,CASH,XTZ,XTZ,"ADA,ALGO,ETC,ETH,LINK,XTZ"
2020-03-14,0.0,2.4634845796631306,CASH,CASH,,,
2020-03-15,0.0,2.4634845796631306,CASH,CASH,XTZ,XTZ,"ALGO,ETC,ETH,LINK,THETA,XTZ"
2020-03-16,0.0,2.4634845796631306,CASH,CASH,XTZ,XTZ,"ALGO,ETC,ETH,LINK,THETA,XTZ"
2020-03-17,0.0,2.4634845796631306,CASH,CASH,XTZ,XTZ,"ALGO,ETC,ETH,LINK,THETA,XTZ"
2020-03-18,0.0,2.4634845796631306,CASH,CASH,XTZ,XTZ,"ALGO,ETC,ETH,LINK,THETA,XTZ"
2020-03-19,0.0,2.4634845796631306,CASH,CASH,XTZ,XTZ,"ALGO,ETC,ETH,LINK,THETA,XTZ"
2020-03-20,0.0,2.4634845796631306,CASH,CASH,XTZ,XTZ,"ALGO,ETC,ETH,LINK,THETA,XTZ"
2020-03-21,0.0,2.4634845796631306,CASH,CASH,,,
2020-03-22,0.0,2.4634845796631306,CASH,CASH,ALGO,ALGO,"ALGO,ETC,ETH,LINK,THETA,XTZ"
2020-03-23,0.0,2.4634845796631306,CASH,CASH,ALGO,ALGO,"ALGO,ETC,ETH,LINK,THETA,XTZ"
2020-03-24,0.0,2.4634845796631306,CASH,CASH,ALGO,ALGO,"ALGO,ETC,ETH,LINK,THETA,XTZ"
2020-03-25,0.0,2.4634845796631306,CASH,CASH,ALGO,ALGO,"ALGO,ETC,ETH,LINK,THETA,XTZ"
2020-03-26,0.0,2.4634845796631306,CASH,CASH,ALGO,ALGO,"ALGO,ETC,ETH,LINK,THETA,XTZ"
2020-03-27,0.0,2.4634845796631306,CASH,CASH,ALGO,ALGO,"ALGO,ETC,ETH,LINK,THETA,XTZ"
2020-03-28,0.0,2.4634845796631306,CASH,CASH,,,
2020-03-29,0.0,2.4634845796631306,CASH,CASH,ALGO,ALGO,"ALGO,ETC,IOTA,LINK,THETA,XTZ"
2020-03-30,0.0,2.4634845796631306,CASH,CASH,ALGO,ALGO,"ALGO,ETC,IOTA,LINK,THETA,XTZ"
2020-03-31,0.0,2.4634845796631306,CASH,CASH,ALGO,ALGO,"ALGO,ETC,IOTA,LINK,THETA,XTZ"
2020-04-01,0.0,2.4634845796631306,CASH,CASH,ALGO,ALGO,"ALGO,ETC,IOTA,LINK,THETA,XTZ"
2020-04-02,0.0,2.4634845796631306,CASH,CASH,ALGO,ALGO,"ALGO,ETC,IOTA,LINK,THETA,XTZ"
2020-04-03,0.0,2.4634845796631306,CASH,CASH,ALGO,ALGO,"ALGO,ETC,IOTA,LINK,THETA,XTZ"
2020-04-04,0.0,2.4634845796631306,CASH,CASH,,,
2020-04-05,0.0,2.4634845796631306,CASH,CASH,,,"ADA,ALGO,ETC,IOTA,LINK,XTZ"
2020-04-06,0.0,2.4634845796631306,CASH,CASH,,,"ADA,ALGO,ETC,IOTA,LINK,XTZ"
2020-04-07,0.0,2.4634845796631306,CASH,CASH,,,"ADA,ALGO,ETC,IOTA,LINK,XTZ"
2020-04-08,0.0,2.4634845796631306,CASH,CASH,,,"ADA,ALGO,ETC,IOTA,LINK,XTZ"
2020-04-09,0.0,2.4634845796631306,CASH,CASH,,,"ADA,ALGO,ETC,IOTA,LINK,XTZ"
2020-04-10,0.0,2.4634845796631306,CASH,CASH,,,"ADA,ALGO,ETC,IOTA,LINK,XTZ"
2020-04-11,0.0,2.4634845796631306,CASH,CASH,,,
2020-04-12,0.0,2.4634845796631306,CASH,CASH,,,"ADA,ALGO,ETC,IOTA,LINK,XTZ"
2020-04-13,0.0,2.4634845796631306,CASH,CASH,,,"ADA,ALGO,ETC,IOTA,LINK,XTZ"
2020-04-14,0.0,2.4634845796631306,CASH,CASH,,,"ADA,ALGO,ETC,IOTA,LINK,XTZ"
2020-04-15,0.0,2.4634845796631306,CASH,CASH,,,"ADA,ALGO,ETC,IOTA,LINK,XTZ"
2020-04-16,0.0,2.4634845796631306,CASH,CASH,,,"ADA,ALGO,ETC,IOTA,LINK,XTZ"
2020-04-17,0.0,2.4634845796631306,CASH,CASH,,,"ADA,ALGO,ETC,IOTA,LINK,XTZ"
2020-04-18,0.0,2.4634845796631306,CASH,CASH,,,
2020-04-19,0.0,2.4634845796631306,CASH,CASH,,,"ADA,ALGO,ETC,ETH,LINK,XTZ"
2020-04-20,0.0,2.4634845796631306,CASH,CASH,,,"ADA,ALGO,ETC,ETH,LINK,XTZ"
2020-04-21,0.0,2.4634845796631306,CASH,CASH,,,"ADA,ALGO,ETC,ETH,LINK,XTZ"
2020-04-22,0.0,2.4634845796631306,CASH,CASH,,,"ADA,ALGO,ETC,ETH,LINK,XTZ"
2020-04-23,0.0,2.4634845796631306,CASH,CASH,,,"ADA,ALGO,ETC,ETH,LINK,XTZ"
2020-04-24,0.0,2.4634845796631306,CASH,CASH,,,"ADA,ALGO,ETC,ETH,LINK,XTZ"
2020-04-25,0.0,2.4634845796631306,CASH,CASH,,,
2020-04-26,0.0,2.4634845796631306,CASH,CASH,,,"ADA,ALGO,ETC,ETH,LINK,XTZ"
2020-04-27,0.0,2.4634845796631306,BASE,0.0,,,"ADA,ALGO,ETC,ETH,LINK,XTZ"
2020-04-28,0.0,2.4634845796631306,BASE,0.0,,,"ADA,ALGO,ETC,ETH,LINK,XTZ"
2020-04-29,0.0,2.4634845796631306,BASE,0.0,,,"ADA,ALGO,ETC,ETH,LINK,XTZ"
2020-04-30,0.0,2.4634845796631306,BASE,0.0,,,"ADA,ALGO,ETC,ETH,LINK,XTZ"
2020-05-01,0.0,2.4634845796631306,BASE,0.0,,,"ADA,ALGO,ETC,ETH,LINK,XTZ"
2020-05-02,0.0,2.4634845796631306,BASE,0.0,,,
2020-05-03,0.0,2.4634845796631306,BASE,0.0,,,"ADA,ALGO,ETC,ETH,LINK,XTZ"
2020-05-04,0.0,2.4634845796631306,BASE,0.0,,,"ADA,ALGO,ETC,ETH,LINK,XTZ"
2020-05-05,0.0,2.4634845796631306,BASE,0.0,,,"ADA,ALGO,ETC,ETH,LINK,XTZ"
2020-05-06,0.0,2.4634845796631306,BASE,0.0,,,"ADA,ALGO,ETC,ETH,LINK,XTZ"
2020-05-07,0.0,2.4634845796631306,BASE,0.0,,,"ADA,ALGO,ETC,ETH,LINK,XTZ"
2020-05-08,-0.0186643835616437,2.4175051585701035,BTC,BTC,,,"ADA,ALGO,ETC,ETH,LINK,XTZ"
2020-05-09,-0.0265928300073163,2.3532168548464387,BTC,BTC,,,
2020-05-10,-0.0856060129567896,2.1517673422803187,BTC,BTC,,,"ALGO,DOGE,ETC,LINK,THETA,XTZ"
2020-05-11,-0.0184861001723076,2.111989555643425,BTC,BTC,,,"ALGO,DOGE,ETC,LINK,THETA,XTZ"
2020-05-12,0.0291151571216325,2.1734804633952303,BTC,BTC,,,"ALGO,DOGE,ETC,LINK,THETA,XTZ"
2020-05-13,0.0565874342709336,2.2964721462567663,BTC,BTC,,,"ALGO,DOGE,ETC,LINK,THETA,XTZ"
2020-05-14,0.0518413168667695,2.4155242864665736,BTC,BTC,,,"ALGO,DOGE,ETC,LINK,THETA,XTZ"
2020-05-15,-0.0485662756664126,2.2982112680911233,BTC,BTC,,,"ALGO,DOGE,ETC,LINK,THETA,XTZ"
2020-05-16,0.0069608283009998,2.314208722127729,BTC,BTC,,,
2020-05-17,0.031847500391738,2.3879104853122555,BTC,BTC,,,"ALGO,DOGE,ETC,LINK,THETA,XTZ"
2020-05-18,0.0055671257556786,2.401204283277292,BTC,BTC,,,"ALGO,DOGE,ETC,LINK,THETA,XTZ"
2020-05-19,0.0042737106184245,2.4114663355197408,BTC,BTC,,,"ALGO,DOGE,ETC,LINK,THETA,XTZ"
2020-05-20,-0.0270164379834136,2.346317104817082,BTC,BTC,,,"ALGO,DOGE,ETC,LINK,THETA,XTZ"
2020-05-21,-0.0465524111516355,2.237090386261522,BTC,BTC,,,"ALGO,DOGE,ETC,LINK,THETA,XTZ"
2020-05-22,0.0111758641032568,2.2620918044050833,BTC,BTC,,,"ALGO,DOGE,ETC,LINK,THETA,XTZ"
2020-05-23,0.0009978189749182,2.2643489625305255,BTC,BTC,,,
2020-05-24,0.0,2.2643489625305255,BASE,0.0,,,"ALGO,DOGE,ETC,ETH,THETA,XTZ"
2020-05-25,0.0,2.2643489625305255,BASE,0.0,,,"ALGO,DOGE,ETC,ETH,THETA,XTZ"
2020-05-26,0.0,2.2643489625305255,BASE,0.0,,,"ALGO,DOGE,ETC,ETH,THETA,XTZ"
2020-05-27,0.0,2.2643489625305255,BASE,0.0,,,"ALGO,DOGE,ETC,ETH,THETA,XTZ"
2020-05-28,0.0,2.2643489625305255,BASE,0.0,,,"ALGO,DOGE,ETC,ETH,THETA,XTZ"
2020-05-29,-0.0155411141940853,2.22915845672858,BTC,BTC,,,"ALGO,DOGE,ETC,ETH,THETA,XTZ"
2020-05-30,0.0287098748603753,2.2931573170652046,BTC,BTC,,,
2020-05-31,-0.0257225409683924,2.234171484030026,BTC,BTC,XTZ,XTZ,"ADA,ALGO,ETC,ETH,THETA,XTZ"
2020-06-01,0.0796442099982324,2.4121103068761762,BTC,BTC,XTZ,XTZ,"ADA,ALGO,ETC,ETH,THETA,XTZ"
2020-06-02,-0.066929261222437,2.2506695460499277,BTC,BTC,XTZ,XTZ,"ADA,ALGO,ETC,ETH,THETA,XTZ"
2020-06-03,0.0155704325680496,2.285713444449661,BTC,BTC,XTZ,XTZ,"ADA,ALGO,ETC,ETH,THETA,XTZ"
2020-06-04,0.0127060780613765,2.3147558979007763,BTC,BTC,XTZ,XTZ,"ADA,ALGO,ETC,ETH,THETA,XTZ"
2020-06-05,0.004957338666,2.3262309268157915,BASE,0.0249414641239738,XTZ,XTZ,"ADA,ALGO,ETC,ETH,THETA,XTZ"
2020-06-06,0.0108291311895512,2.351421986699471,BASE,0.0034316480664173,,,
2020-06-07,0.0075237160614982,2.369113418068162,BASE,0.0572459861813408,XTZ,XTZ,"ADA,ETC,ETH,LINK,THETA,XTZ"
2020-06-08,-0.010551948051948,2.344114656351534,BASE,0.0215801606208898,XTZ,XTZ,"ADA,ETC,ETH,LINK,THETA,XTZ"
2020-06-09,0.0163248564397047,2.3823819915946802,BASE,0.0095725992269111,XTZ,XTZ,"ADA,ETC,ETH,LINK,THETA,XTZ"
2020-06-10,-0.0696989264670272,2.2163325243461527,BASE,0.0002437068914487,XTZ,XTZ,"ADA,ETC,ETH,LINK,THETA,XTZ"
2020-06-11,-0.09455339200332613,2.0067707663619294,CANDIDATE,XTZ,XTZ,XTZ,"ADA,ETC,ETH,LINK,THETA,XTZ"
2020-06-12,0.0199747445758236,2.0468554998422386,CANDIDATE,XTZ,XTZ,XTZ,"ADA,ETC,ETH,LINK,THETA,XTZ"
2020-06-13,0.0008673943199934,2.0486309306766493,BTC,BTC,,,
2020-06-14,-0.0039263062518876,2.040587378245723,BASE,0.0159690851910734,ADA,ADA,"ADA,ALGO,ETH,LINK,THETA,XTZ"
2020-06-15,0.019232435242138,2.079832842853758,BASE,0.0277420612898359,ADA,ADA,"ADA,ALGO,ETH,LINK,THETA,XTZ"
2020-06-16,-0.0062898427539312,2.0667510213177462,BASE,0.0120350699776001,ADA,ADA,"ADA,ALGO,ETH,LINK,THETA,XTZ"
2020-06-17,-0.0088570777022971,2.048445646930633,BASE,0.0597914200409973,ADA,ADA,"ADA,ALGO,ETH,LINK,THETA,XTZ"
2020-06-18,-0.0105034407823251,2.0269299193822854,BASE,0.0,ADA,ADA,"ADA,ALGO,ETH,LINK,THETA,XTZ"
2020-06-19,0.0191556857003416,2.065757151854591,BASE,0.0033416910366487,ADA,ADA,"ADA,ALGO,ETH,LINK,THETA,XTZ"
2020-06-20,0.0011253441877168,2.068081839658665,BASE,0.0,,,
2020-06-21,0.0724433177078351,2.2179005494148623,BASE,0.0,ADA,ADA,"ADA,ETH,IOTA,THETA,TRX,XTZ"
2020-06-22,-0.0014999999999998,2.2145736985907405,BASE,0.0,ADA,ADA,"ADA,ETH,IOTA,THETA,TRX,XTZ"
2020-06-23,0.0,2.2145736985907405,BASE,0.0,ADA,ADA,"ADA,ETH,IOTA,THETA,TRX,XTZ"
2020-06-24,-0.0103669110751131,2.1916154099881657,BASE,0.0,ADA,ADA,"ADA,ETH,IOTA,THETA,TRX,XTZ"
2020-06-25,-0.012301075268817,2.164656183869602,BASE,0.0313629280692714,ADA,ADA,"ADA,ETH,IOTA,THETA,TRX,XTZ"
2020-06-26,-0.0378853858212856,2.0826473491732704,BASE,0.0297745109240712,ADA,ADA,"ADA,ETH,IOTA,THETA,TRX,XTZ"
2020-06-27,0.0180592015931928,2.1202582974995194,BASE,0.0214908696510601,,,
2020-06-28,0.0133374827724179,2.1485372060154955,BASE,0.0194181827438451,ADA,ADA,"ADA,ETH,IOTA,LINK,TRX,XTZ"
2020-06-29,-0.010222436713026,2.1265739204014205,BASE,0.0320038226585734,ADA,ADA,"ADA,ETH,IOTA,LINK,TRX,XTZ"
2020-06-30,0.0238918439716313,2.1773816927017915,BASE,0.0207227455456388,ADA,ADA,"ADA,ETH,IOTA,LINK,TRX,XTZ"
2020-07-01,0.1665260874804193,2.5399725469389134,CANDIDATE,ADA,ADA,ADA,"ADA,ETH,IOTA,LINK,TRX,XTZ"
2020-07-02,-0.04028509451502926,2.4376495128199,CANDIDATE,ADA,ADA,ADA,"ADA,ETH,IOTA,LINK,TRX,XTZ"
2020-07-03,0.03917769884834765,2.5331510113309794,CANDIDATE,ADA,ADA,ADA,"ADA,ETH,IOTA,LINK,TRX,XTZ"
2020-07-04,-0.0157883817427387,2.4931566561520815,BASE,0.0174170215958133,,,
2020-07-05,0.0682320391317643,2.663269818676269,BASE,0.0193555636690168,ADA,ADA,"ADA,ETH,IOTA,THETA,TRX,XTZ"
2020-07-06,0.0647210586194675,2.8356394607302744,BASE,0.0661599448883845,ADA,ADA,"ADA,ETH,IOTA,THETA,TRX,XTZ"
2020-07-07,0.1351837618781441,3.218971870361905,BASE,0.1295453866139915,ADA,ADA,"ADA,ETH,IOTA,THETA,TRX,XTZ"
2020-07-08,-0.0641205164109746,3.0125697317218987,BASE,0.3844909830198151,ADA,ADA,"ADA,ETH,IOTA,THETA,TRX,XTZ"
2020-07-09,-0.0059754525167368,2.994568264336636,BASE,0.1004130903919908,ADA,ADA,"ADA,ETH,IOTA,THETA,TRX,XTZ"
2020-07-10,-0.0085799552350162,2.968875002680427,BASE,0.0317915500719148,ADA,ADA,"ADA,ETH,IOTA,THETA,TRX,XTZ"
2020-07-11,0.0150507964379782,3.0135589359955723,BASE,0.0858319587464708,,,
2020-07-12,-0.0135508052226203,2.9727227858270093,BASE,0.1874445309712751,TRX,TRX,"ADA,ETH,IOTA,THETA,TRX,XTZ"
2020-07-13,0.0039248434237995,2.9843902573037413,BASE,0.0192996275883809,TRX,TRX,"ADA,ETH,IOTA,THETA,TRX,XTZ"
2020-07-14,-0.0076110464149059,2.9616759245352093,BASE,0.1313676317960803,TRX,TRX,"ADA,ETH,IOTA,THETA,TRX,XTZ"
2020-07-15,-0.0211223335149407,2.899118417894006,BASE,0.0712231515292061,TRX,TRX,"ADA,ETH,IOTA,THETA,TRX,XTZ"
2020-07-16,-0.0038532345763583,2.88794743456522,BASE,0.0141770434392687,TRX,TRX,"ADA,ETH,IOTA,THETA,TRX,XTZ"
2020-07-17,0.012893798083122,2.925184045661174,BASE,0.0280078239483391,TRX,TRX,"ADA,ETH,IOTA,THETA,TRX,XTZ"
2020-07-18,0.0145966818008231,2.967882026384535,BASE,0.1168886966757876,,,
2020-07-19,-0.012964744259964,2.9294041949187157,BASE,0.0358210854040139,TRX,TRX,"ADA,ETH,IOTA,NEO,THETA,TRX"
2020-07-20,0.0405915003601542,3.048313106351796,BASE,0.0077296424735576,TRX,TRX,"ADA,ETH,IOTA,NEO,THETA,TRX"
2020-07-21,0.0739036605724992,3.27359460348232,BASE,0.0061335017637096,TRX,TRX,"ADA,ETH,IOTA,NEO,THETA,TRX"
2020-07-22,0.0438310457268522,3.4170796782387303,BASE,0.0,TRX,TRX,"ADA,ETH,IOTA,NEO,THETA,TRX"
2020-07-23,0.0139847439157281,3.4648666624785376,BASE,0.0136606866567652,TRX,TRX,"ADA,ETH,IOTA,NEO,THETA,TRX"
2020-07-24,0.093533942324915,3.788949301050326,BASE,0.009231256084272,TRX,TRX,"ADA,ETH,IOTA,NEO,THETA,TRX"
2020-07-25,0.0188036427963047,3.860195350280585,BASE,0.083968722264738,,,
2020-07-26,0.0351446945337621,3.9958607367068453,BASE,0.015105283537075,,,"ADA,BNB,ETH,NEO,THETA,TRX"
2020-07-27,-0.0160283291398751,3.931813765621804,BASE,0.0754544673283457,,,"ADA,BNB,ETH,NEO,THETA,TRX"
2020-07-28,0.0029674527259526,3.943481237098537,BASE,0.0914305948156094,,,"ADA,BNB,ETH,NEO,THETA,TRX"
2020-07-29,0.0540115199395678,4.156474652567397,BASE,0.053396262589519,,,"ADA,BNB,ETH,NEO,THETA,TRX"
2020-07-30,0.0342222354943708,4.298718506953942,BASE,0.0,,,"ADA,BNB,ETH,NEO,THETA,TRX"
2020-07-31,0.1174313516010741,4.803522831378094,BASE,0.0285031004610536,,,"ADA,BNB,ETH,NEO,THETA,TRX"
2020-08-01,-0.0376744186046511,4.622552901451757,BASE,0.0346778295403651,,,
2020-08-02,0.0104093854859614,4.670670836532218,BASE,0.0324610801460695,,,"ADA,BNB,ETH,NEO,THETA,XTZ"
2020-08-03,-0.0024813254413397,4.6590813821574075,BASE,0.1035756653508537,,,"ADA,BNB,ETH,NEO,THETA,XTZ"
2020-08-04,0.0494050645239396,4.88926359846518,BASE,0.0693447446106553,,,"ADA,BNB,ETH,NEO,THETA,XTZ"
2020-08-05,0.0014942643238644,4.896569450630336,BASE,0.0,,,"ADA,BNB,ETH,NEO,THETA,XTZ"
2020-08-06,-0.0143022803053101,4.826537341813003,BASE,0.0729390868566757,,,"ADA,BNB,ETH,NEO,THETA,XTZ"
2020-08-07,0.0144192412950234,4.896132348364046,BASE,0.0039742656877986,,,"ADA,BNB,ETH,NEO,THETA,XTZ"
2020-08-08,-0.0067789491225966,4.862941716276986,BASE,0.2403741161285097,,,
2020-08-09,0.0180830154566808,4.950878366497362,BASE,0.0934162934295215,,,"ADA,ETH,NEO,THETA,TRX,XTZ"
2020-08-10,-0.0421124500963597,4.742384748355095,BASE,0.0313057375995537,,,"ADA,ETH,NEO,THETA,TRX,XTZ"
2020-08-11,0.0151201536506064,4.814090334420516,BASE,0.012185693401464,,,"ADA,ETH,NEO,THETA,TRX,XTZ"
2020-08-12,0.0186495888650704,4.9038711399167685,BASE,0.2515854960712544,,,"ADA,ETH,NEO,THETA,TRX,XTZ"
2020-08-13,-0.0016519524617997,4.895770177914835,BASE,0.0898199505108583,,,"ADA,ETH,NEO,THETA,TRX,XTZ"
2020-08-14,0.0078108658275894,4.934010381897242,BASE,0.1057627656878942,,,"ADA,ETH,NEO,THETA,TRX,XTZ"
2020-08-15,0.004944146333232,4.958404851235028,BASE,0.126118863965893,,,
2020-08-16,0.0310746368902694,5.112485481542107,BASE,0.1130289336350973,,,"ADA,DOGE,IOTA,THETA,TRX,XTZ"
2020-08-17,-0.0273688170388228,4.972562801784143,BASE,0.0439961846394756,,,"ADA,DOGE,IOTA,THETA,TRX,XTZ"
2020-08-18,-0.0159413847288533,4.893293265072518,BASE,0.006621062391465,,,"ADA,DOGE,IOTA,THETA,TRX,XTZ"
2020-08-19,0.0084188389386612,4.934489112950799,BASE,0.0155461448985594,,,"ADA,DOGE,IOTA,THETA,TRX,XTZ"
2020-08-20,-0.0271825739968194,4.800356997501514,BASE,0.0285902245054474,,,"ADA,DOGE,IOTA,THETA,TRX,XTZ"
2020-08-21,0.0114141114562573,4.8551488073008215,BASE,0.0090715823982264,,,"ADA,DOGE,IOTA,THETA,TRX,XTZ"
2020-08-22,-0.0144613905475156,4.78493660423214,BASE,0.1313872621204641,,,
2020-08-23,0.0055910785679764,4.811689560729189,BASE,0.0171082930554044,,,"ADA,DOGE,IOTA,NEO,THETA,XTZ"
2020-08-24,-0.0637093799058085,4.50513980251588,BASE,0.0348426702482813,,,"ADA,DOGE,IOTA,NEO,THETA,XTZ"
2020-08-25,0.009635155790296,4.548547526370184,BASE,0.0252714622132302,,,"ADA,DOGE,IOTA,NEO,THETA,XTZ"
2020-08-26,-0.009583551489075,4.504956286950711,BASE,0.0641266248336591,,,"ADA,DOGE,IOTA,NEO,THETA,XTZ"
2020-08-27,0.030892060427375,4.6441236687898755,BASE,0.0477008538192657,,,"ADA,DOGE,IOTA,NEO,THETA,XTZ"
2020-08-28,0.0089595302573965,4.68573283531949,BASE,0.0102346729821571,,,"ADA,DOGE,IOTA,NEO,THETA,XTZ"
2020-08-29,0.0759814373510598,5.041761551190122,BASE,0.0730803223949276,,,
2020-08-30,0.0113069426959482,5.098768460136064,BASE,0.0279329035301056,NEO,NEO,"ADA,DOGE,LINK,NEO,THETA,XTZ"
2020-08-31,0.0959219899029484,5.587852476886708,BASE,0.0706663510725977,NEO,NEO,"ADA,DOGE,LINK,NEO,THETA,XTZ"
2020-09-01,-0.0755153554901135,5.165883810668297,BASE,0.0922850721471031,NEO,NEO,"ADA,DOGE,LINK,NEO,THETA,XTZ"
2020-09-02,-0.1321956769055745,4.482976303501452,BASE,0.0780413849280721,NEO,NEO,"ADA,DOGE,LINK,NEO,THETA,XTZ"
2020-09-03,0.0271158186936992,4.604535876155348,BASE,0.2907923715996889,NEO,NEO,"ADA,DOGE,LINK,NEO,THETA,XTZ"
2020-09-04,-0.026761756611224,4.481310407730029,BASE,0.0450482719266691,NEO,NEO,"ADA,DOGE,LINK,NEO,THETA,XTZ"
2020-09-05,0.0088042420886247,4.520764949433958,BASE,0.0,,,
2020-09-06,0.0114311343382538,4.572442420882607,BASE,0.1989643233301288,,,"ADA,DOGE,LINK,NEO,THETA,XTZ"
2020-09-07,-0.023790565135577,4.463661431639924,BASE,0.022623607864165,,,"ADA,DOGE,LINK,NEO,THETA,XTZ"
2020-09-08,0.0091392513812564,4.5044559555445005,BASE,0.1065852711989813,,,"ADA,DOGE,LINK,NEO,THETA,XTZ"
2020-09-09,0.0115145999686863,4.556322963949162,BASE,0.0418792723069889,,,"ADA,DOGE,LINK,NEO,THETA,XTZ"
2020-09-10,0.0049357300614207,4.578811744171868,BASE,0.0371671728687086,,,"ADA,DOGE,LINK,NEO,THETA,XTZ"
2020-09-11,0.0051049828213429,4.602186499468029,BASE,0.029693112778788,,,"ADA,DOGE,LINK,NEO,THETA,XTZ"
2020-09-12,-0.0103525359834191,4.554542198129881,BASE,0.1171832962447618,,,
2020-09-13,0.032802242947963,4.703941397829687,BASE,0.1036905468587041,,,"ADA,DOGE,LINK,NEO,THETA,XTZ"
2020-09-14,0.0106392847671941,4.75398796988939,BASE,0.0,,,"ADA,DOGE,LINK,NEO,THETA,XTZ"
2020-09-15,0.0156416459054029,4.828348166352945,BASE,0.0046923011722694,,,"ADA,DOGE,LINK,NEO,THETA,XTZ"
2020-09-16,-0.0012798965858163,4.822168380019697,BASE,0.012066784994992,,,"ADA,DOGE,LINK,NEO,THETA,XTZ"
2020-09-17,-0.0006032912278713,4.819259208136713,BASE,0.0676982362642695,,,"ADA,DOGE,LINK,NEO,THETA,XTZ"
2020-09-18,0.0134688326310503,4.884169003816755,BASE,0.0333085880639895,,,"ADA,DOGE,LINK,NEO,THETA,XTZ"
2020-09-19,-0.0144729776682774,4.8134805348964225,BASE,0.0,,,
2020-09-20,-0.0460665843732946,4.5917399277064055,BASE,0.0083083240716322,,,"ADA,DOGE,LINK,NEO,THETA,XTZ"
2020-09-21,0.0107888668953906,4.64127959860468,BASE,0.0,,,"ADA,DOGE,LINK,NEO,THETA,XTZ"
2020-09-22,-0.0273656859085948,4.514267798895296,BASE,0.0291537016072387,,,"ADA,DOGE,LINK,NEO,THETA,XTZ"
2020-09-23,0.0483192826022853,4.732393980412515,BASE,0.0221636050762621,,,"ADA,DOGE,LINK,NEO,THETA,XTZ"
2020-09-24,-0.0046244895830229,4.710509073747337,BASE,0.2441745626651179,,,"ADA,DOGE,LINK,NEO,THETA,XTZ"
2020-09-25,0.0039235795622025,4.728991130876662,BASE,0.1789642036610456,,,"ADA,DOGE,LINK,NEO,THETA,XTZ"
2020-09-26,0.0042549820107,4.749112903067303,BASE,0.0571235442491728,,,
2020-09-27,-0.0072515488317053,4.7146744789434285,BASE,0.0568113215401533,,,"ADA,DOGE,LINK,NEO,THETA,XTZ"
2020-09-28,0.0134964828367669,4.7783060021294315,BASE,0.0352314353122201,,,"ADA,DOGE,LINK,NEO,THETA,XTZ"
2020-09-29,-0.005893650465662,4.750144336734905,BASE,0.0572489174708057,,,"ADA,DOGE,LINK,NEO,THETA,XTZ"
2020-09-30,-0.0146113009773964,4.680738548144797,BASE,0.0187334198343328,,,"ADA,DOGE,LINK,NEO,THETA,XTZ"
2020-10-01,-0.0045888881669212,4.659259162408763,BASE,0.0148275639531749,,,"ADA,DOGE,LINK,NEO,THETA,XTZ"
2020-10-02,-0.0026810716718382,4.646767354656677,BASE,0.0080759087015978,,,"ADA,DOGE,LINK,NEO,THETA,XTZ"
2020-10-03,0.0118164760967021,4.701675770029913,BASE,0.0524880214787881,,,
2020-10-04,0.0117731654702561,4.75702937685797,BASE,0.0535382267778736,,,"ADA,DOGE,LINK,NEO,THETA,XTZ"
2020-10-05,-0.0014999999999999,4.749893832792683,BASE,0.0122254716967546,,,"ADA,DOGE,LINK,NEO,THETA,XTZ"
2020-10-06,0.0,4.749893832792683,BASE,0.0,,,"ADA,DOGE,LINK,NEO,THETA,XTZ"
2020-10-07,0.0,4.749893832792683,BASE,0.0,,,"ADA,DOGE,LINK,NEO,THETA,XTZ"
2020-10-08,0.0,4.749893832792683,BASE,0.0,,,"ADA,DOGE,LINK,NEO,THETA,XTZ"
2020-10-09,0.0,4.749893832792683,BASE,0.0,,,"ADA,DOGE,LINK,NEO,THETA,XTZ"
2020-10-10,0.0,4.749893832792683,BASE,0.0,,,
2020-10-11,0.072927474226262,5.096291592861152,BASE,0.0,,,"ADA,DOGE,LINK,NEO,THETA,XTZ"
2020-10-12,0.0024567459372337,5.108811886526873,BASE,0.0,,,"ADA,DOGE,LINK,NEO,THETA,XTZ"
2020-10-13,0.003658187309605,5.127500877337325,BASE,0.0,,,"ADA,DOGE,LINK,NEO,THETA,XTZ"
2020-10-14,0.015811660937804,5.208575182668076,BASE,0.0,,,"ADA,DOGE,LINK,NEO,THETA,XTZ"
2020-10-15,-0.0406696120744695,4.996744450528256,BASE,0.0,,,"ADA,DOGE,LINK,NEO,THETA,XTZ"
2020-10-16,0.0047154582763337,5.020306390502225,BASE,0.0440218256913923,,,"ADA,DOGE,LINK,NEO,THETA,XTZ"
2020-10-17,0.0265801476976543,5.153746875849253,BASE,0.0099530648655907,,,
2020-10-18,0.0031472322869008,5.16996691441544,BASE,0.002986886282791,,,"ADA,DOGE,LINK,NEO,THETA,XTZ"
2020-10-19,-0.0284207751120486,5.023032447404107,BASE,0.0184407862888968,,,"ADA,DOGE,LINK,NEO,THETA,XTZ"
2020-10-20,0.0593183544990776,5.320990466779594,BASE,0.041910151334768,,,"ADA,DOGE,LINK,NEO,THETA,XTZ"
2020-10-21,0.0604539166965518,5.642665181201434,BASE,0.0708010994258372,,,"ADA,DOGE,LINK,NEO,THETA,XTZ"
2020-10-22,-0.0117638533262476,5.576285695640657,BASE,0.0477945095478504,,,"ADA,DOGE,LINK,NEO,THETA,XTZ"
2020-10-23,0.0074063210383517,5.6175854577041395,BASE,0.0314510658377471,,,"ADA,DOGE,LINK,NEO,THETA,XTZ"
2020-10-24,-0.0152375406415296,5.531987270985107,BASE,0.0613414234582201,,,
2020-10-25,-0.0328684768146652,5.35015927562971,BASE,0.0214199794808997,,,"ADA,DOGE,IOTA,NEO,THETA,XTZ"
2020-10-26,0.0278457148680322,5.499138285317453,BASE,0.0633617057047342,,,"ADA,DOGE,IOTA,NEO,THETA,XTZ"
2020-10-27,-0.0301168517259612,5.33352155295799,BASE,0.0168962020056877,,,"ADA,DOGE,IOTA,NEO,THETA,XTZ"
2020-10-28,0.0142691310378098,5.40962627089013,BASE,0.0223038195156688,,,"ADA,DOGE,IOTA,NEO,THETA,XTZ"
2020-10-29,0.0077587936710836,5.451598444963641,BASE,0.0,,,"ADA,DOGE,IOTA,NEO,THETA,XTZ"
2020-10-30,0.0170278980243507,5.544427707354191,BASE,0.0,,,"ADA,DOGE,IOTA,NEO,THETA,XTZ"
2020-10-31,-0.0021390762091219,5.532567753952193,BASE,0.0146329055305465,,,
2020-11-01,-0.0154147440322638,5.447284638183864,BASE,0.0588057428757885,,,"ADA,DOGE,IOTA,NEO,THETA,XTZ"
2020-11-02,0.0349949850066828,5.637912282424242,BASE,0.0,,,"ADA,DOGE,IOTA,NEO,THETA,XTZ"
2020-11-03,0.0085912748074128,5.6863491361826375,BASE,0.0,,,"ADA,DOGE,IOTA,NEO,THETA,XTZ"
2020-11-04,0.1022347976281126,6.267691889363062,BASE,0.0290750137354354,,,"ADA,DOGE,IOTA,NEO,THETA,XTZ"
2020-11-05,-0.000647850355548,6.263631362944073,BASE,0.0,,,"ADA,DOGE,IOTA,NEO,THETA,XTZ"
2020-11-06,-0.0488847182783994,5.957435508366806,BASE,0.1193927232021436,,,"ADA,DOGE,IOTA,NEO,THETA,XTZ"
2020-11-07,0.0443235728794801,6.221490335296705,BASE,0.0173286791053853,,,
2020-11-08,-0.0094790986811069,6.162516214464875,BASE,0.0361096204764082,,,"ADA,IOTA,NEO,TRX,XTZ,ZEC"
2020-11-09,-0.0020354361606976,6.149972806121069,BASE,0.0006569494553914,,,"ADA,IOTA,NEO,TRX,XTZ,ZEC"
2020-11-10,0.0253006920869884,6.30557137443209,BASE,0.0412818412379515,,,"ADA,IOTA,NEO,TRX,XTZ,ZEC"
2020-11-11,0.0387407996817188,6.549854251927744,BASE,0.0030112500012116,,,"ADA,IOTA,NEO,TRX,XTZ,ZEC"
2020-11-12,0.0017702091719422,6.5614488639993915,BASE,0.0,,,"ADA,IOTA,NEO,TRX,XTZ,ZEC"
2020-11-13,-0.01533328840062,6.460840276241768,BASE,0.0845275510388614,,,"ADA,IOTA,NEO,TRX,XTZ,ZEC"
2020-11-14,-0.0070595409587161,6.415229709683917,BASE,0.0241335892656067,,,
2020-11-15,0.0474130475653318,6.719395301051691,BASE,0.0150181561596711,,,"ADA,DOGE,IOTA,NEO,TRX,ZEC"
2020-11-16,0.0565893462617501,7.099641488412482,BASE,0.1382003114584318,,,"ADA,DOGE,IOTA,NEO,TRX,ZEC"
2020-11-17,0.0066106511100614,7.1465747412988945,BASE,0.0045801711796036,,,"ADA,DOGE,IOTA,NEO,TRX,ZEC"
2020-11-18,0.0015020150629045,7.157309004208499,BASE,0.0057377930158419,,,"ADA,DOGE,IOTA,NEO,TRX,ZEC"
2020-11-19,0.0479053318519198,7.500182267221841,BASE,0.1089583499602497,,,"ADA,DOGE,IOTA,NEO,TRX,ZEC"
2020-11-20,0.3998977599951505,10.499488355439205,BASE,0.0689974065805634,,,"ADA,DOGE,IOTA,NEO,TRX,ZEC"
2020-11-21,0.0109042273920521,10.613977163967117,BASE,0.0,,,
2020-11-22,0.0866917843686947,11.534121783560005,BASE,0.0809660290951237,,,"ADA,DOGE,IOTA,NEO,TRX,ZEC"
2020-11-23,-0.005931841335568,11.465703203194808,BASE,0.2936628366888918,,,"ADA,DOGE,IOTA,NEO,TRX,ZEC"
2020-11-24,-0.05863100649619,10.793457484204907,BASE,0.161909585941349,,,"ADA,DOGE,IOTA,NEO,TRX,ZEC"
2020-11-25,-0.0872168568920103,9.85208604743501,BASE,0.0356195362516547,,,"ADA,DOGE,IOTA,NEO,TRX,ZEC"
2020-11-26,-0.0014999999999999,9.837307918363859,BASE,0.0033645797271238,,,"ADA,DOGE,IOTA,NEO,TRX,ZEC"
2020-11-27,0.0323591745859859,10.155635082750296,BASE,0.0,,,"ADA,DOGE,IOTA,NEO,TRX,ZEC"
2020-11-28,0.0262496578695645,10.422217029120638,BASE,0.1291398379686763,,,
2020-11-29,0.0830839060125958,11.288135529210972,BASE,0.059169874455057,,,"ADA,DOGE,NEO,TRX"
2020-11-30,-0.047264223413335,10.75461056963834,BASE,0.0276751866245859,,,"ADA,DOGE,NEO,TRX"
2020-12-01,0.0234015953138189,11.006285613946735,BASE,0.0179430596939965,,,"ADA,DOGE,NEO,TRX"
2020-12-02,0.0113418547819761,11.131117307069072,BASE,0.024087933462378,,,"ADA,DOGE,NEO,TRX"
2020-12-03,-0.0397170204768845,10.689022493053606,BASE,0.0235587447762439,,,"ADA,DOGE,NEO,TRX"
2020-12-04,0.026655557056854,10.973944341999193,BASE,0.0,,,"ADA,DOGE,NEO,TRX"
2020-12-05,0.0110582703056143,11.095297184851788,BASE,0.0553416014574548,,,
2020-12-06,-0.0099434899841934,10.984971208422564,BASE,0.0502914229459194,,,"ADA,NEO,TRX"
2020-12-07,-0.04397111687336,10.501949755566521,BASE,0.0077890914204594,,,"ADA,NEO,TRX"
2020-12-08,0.0118515987952483,10.626414650637352,BASE,0.0,,,"ADA,NEO,TRX"
2020-12-09,-0.0154600976847336,10.462129242100016,BASE,0.0360237553124005,,,"ADA,NEO,TRX"
2020-12-10,-0.0119476538280972,10.337131343610592,BASE,0.0,,,"ADA,NEO,TRX"
2020-12-11,0.0428108954438573,10.779673192751325,BASE,0.0019292922006773,,,"ADA,NEO,TRX"
2020-12-12,0.0194750405264803,10.98960776504237,BASE,0.0191004618968626,,,
2020-12-13,0.0051186467372341,11.045859684972388,BASE,0.0536956911808368,,,"ADA,NEO,TRX"
2020-12-14,-0.0014999999999999,11.02929089544493,BASE,0.0254538574819012,,,"ADA,NEO,TRX"
2020-12-15,0.0967728169818129,12.096626444708999,BASE,0.0,,,"ADA,NEO,TRX"
2020-12-16,0.0685073529963178,12.925334302621271,BASE,0.1185972276829872,,,"ADA,NEO,TRX"
2020-12-17,0.0136082740130787,13.101225793521987,BASE,0.0203379794788891,,,"ADA,NEO,TRX"
2020-12-18,0.0309087266021825,13.50616799972742,BASE,0.0688588084540036,,,"ADA,NEO,TRX"
2020-12-19,-0.0153679789065477,13.29860549479932,BASE,0.0652134610693009,,,
2020-12-20,-0.0313704407320748,12.881422379305473,BASE,0.1958164276607152,,,"ADA,NEO"
2020-12-21,0.0480235002999596,13.500033370801956,BASE,0.0616198963281166,,,"ADA,NEO"
2020-12-22,-0.0242759690039682,13.172306979139831,BASE,0.0464714733716533,,,"ADA,NEO"
2020-12-23,0.0213681026274967,13.453774186510984,BASE,0.0,,,"ADA,NEO"
2020-12-24,0.0414371323095594,14.011260007540375,BASE,0.2785551219406412,,,"ADA,NEO"
2020-12-25,0.0720656413543445,15.020990446166252,BASE,0.1083873975203695,,,"ADA,NEO"
2020-12-26,-0.0079918047482786,14.900945623394731,BASE,0.0,,,
2020-12-27,0.0303538665365885,15.353246938116218,BASE,0.1148318633955661,,,"ADA,NEO"
2020-12-28,0.0112849578332765,15.526507682416742,BASE,0.1092982961323194,,,"ADA,NEO"
2020-12-29,0.0544290670074858,16.371601009455247,BASE,0.0753802253326993,,,"ADA,NEO"
2020-12-30,0.001665423399874,16.398866656869796,BASE,0.0,,,"ADA,NEO"
2020-12-31,0.0141081876652411,16.63022494516218,BASE,0.0371745803847791,,,"ADA,NEO"
2021-01-01,0.0970499824592447,18.244187984383466,BASE,0.2019315477176615,,,"ADA,NEO"
2021-01-02,0.0255364402068101,18.710079599968477,BASE,0.7561894541604735,,,
2021-01-03,-0.0014999999999998,18.682014480568526,BASE,0.2374773999088686,,,"ADA,NEO"
2021-01-04,0.0,18.682014480568526,BASE,0.0,,,"ADA,NEO"
2021-01-05,0.0,18.682014480568526,BASE,0.0,,,"ADA,NEO"
2021-01-06,0.0,18.682014480568526,BASE,0.0,,,"ADA,NEO"
2021-01-07,0.0,18.682014480568526,BASE,0.0,,,"ADA,NEO"
2021-01-08,0.0,18.682014480568526,BASE,0.0,,,"ADA,NEO"
2021-01-09,0.0,18.682014480568526,BASE,0.0,,,
2021-01-10,0.0,18.682014480568526,BASE,0.0,,,NEO
2021-01-11,0.0,18.682014480568526,BASE,0.0,,,NEO
2021-01-12,0.0,18.682014480568526,BASE,0.0,,,NEO
2021-01-13,0.0,18.682014480568526,BASE,0.0,,,NEO
2021-01-14,0.0,18.682014480568526,CASH,CASH,,,NEO
2021-01-15,0.0,18.682014480568526,CASH,CASH,,,NEO
2021-01-16,0.0,18.682014480568526,CASH,CASH,,,
2021-01-17,0.0,18.682014480568526,CASH,CASH,,,NEO
2021-01-18,0.0,18.682014480568526,CASH,CASH,,,NEO
2021-01-19,0.0,18.682014480568526,CASH,CASH,,,NEO
2021-01-20,0.0,18.682014480568526,CASH,CASH,,,NEO
2021-01-21,0.0,18.682014480568526,CASH,CASH,,,NEO
2021-01-22,0.0,18.682014480568526,CASH,CASH,,,NEO
2021-01-23,0.0,18.682014480568526,CASH,CASH,,,
2021-01-24,0.0,18.682014480568526,CASH,CASH,,,NEO
2021-01-25,0.0,18.682014480568526,CASH,CASH,,,NEO
2021-01-26,0.0,18.682014480568526,CASH,CASH,,,NEO
2021-01-27,0.0,18.682014480568526,CASH,CASH,,,NEO
2021-01-28,0.0,18.682014480568526,CASH,CASH,,,NEO
2021-01-29,0.0,18.682014480568526,CASH,CASH,,,NEO
2021-01-30,0.0,18.682014480568526,CASH,CASH,,,
2021-01-31,0.0,18.682014480568526,CASH,CASH,,,NEO
2021-02-01,0.0,18.682014480568526,CASH,CASH,,,NEO
2021-02-02,0.0,18.682014480568526,CASH,CASH,,,NEO
2021-02-03,0.0,18.682014480568526,CASH,CASH,,,NEO
2021-02-04,0.0,18.682014480568526,CASH,CASH,,,NEO
2021-02-05,0.0,18.682014480568526,CASH,CASH,,,NEO
2021-02-06,0.0,18.682014480568526,CASH,CASH,,,
2021-02-07,0.0,18.682014480568526,CASH,CASH,,,NEO
2021-02-08,0.0,18.682014480568526,CASH,CASH,,,NEO
2021-02-09,0.0,18.682014480568526,CASH,CASH,,,NEO
2021-02-10,0.0,18.682014480568526,CASH,CASH,,,NEO
2021-02-11,0.0,18.682014480568526,CASH,CASH,,,NEO
2021-02-12,0.0,18.682014480568526,CASH,CASH,,,NEO
2021-02-13,0.0,18.682014480568526,CASH,CASH,,,
2021-02-14,0.0,18.682014480568526,CASH,CASH,,,NEO
2021-02-15,0.0,18.682014480568526,CASH,CASH,,,NEO
2021-02-16,0.0,18.682014480568526,CASH,CASH,,,NEO
2021-02-17,0.0,18.682014480568526,CASH,CASH,,,NEO
2021-02-18,0.0,18.682014480568526,CASH,CASH,,,NEO
2021-02-19,0.0,18.682014480568526,CASH,CASH,,,NEO
2021-02-20,0.0,18.682014480568526,CASH,CASH,,,
2021-02-21,0.0,18.682014480568526,CASH,CASH,,,NEO
2021-02-22,0.0,18.682014480568526,CASH,CASH,,,NEO
2021-02-23,0.0,18.682014480568526,CASH,CASH,,,NEO
2021-02-24,0.0,18.682014480568526,CASH,CASH,,,NEO
2021-02-25,0.0,18.682014480568526,CASH,CASH,,,NEO
2021-02-26,0.0,18.682014480568526,CASH,CASH,,,NEO
2021-02-27,0.0,18.682014480568526,CASH,CASH,,,
2021-02-28,0.0,18.682014480568526,CASH,CASH,,,
2021-03-01,0.0,18.682014480568526,CASH,CASH,,,
2021-03-02,0.0,18.682014480568526,CASH,CASH,,,
2021-03-03,0.0,18.682014480568526,CASH,CASH,,,
2021-03-04,0.0,18.682014480568526,CASH,CASH,,,
2021-03-05,0.0,18.682014480568526,CASH,CASH,,,
2021-03-06,0.0,18.682014480568526,CASH,CASH,,,
2021-03-07,0.0,18.682014480568526,CASH,CASH,,,
2021-03-08,0.0,18.682014480568526,CASH,CASH,,,
2021-03-09,0.0,18.682014480568526,CASH,CASH,,,
2021-03-10,0.0,18.682014480568526,CASH,CASH,,,
2021-03-11,0.0344049292061336,19.32476786620045,BTC,BTC,,,
2021-03-12,-0.0095449167052659,19.140314566568968,BTC,BTC,,,
2021-03-13,0.0693210550119778,20.467141365584656,BTC,BTC,,,
2021-03-14,-0.0362827000350883,19.724538214841402,BTC,BTC,,,
2021-03-15,-0.0570324976245716,18.59959853595769,BTC,BTC,,,
2021-03-16,0.0232990799421637,19.032952069139117,BTC,BTC,,,
2021-03-17,0.0353636814980471,19.706027324079752,BTC,BTC,,,
2021-03-18,-0.0214691264079879,19.28295613245982,BTC,BTC,,,
2021-03-19,0.0066238020432916,19.41068261669071,BTC,BTC,,,
2021-03-20,0.0012453901007425,19.434856488670192,BTC,BTC,,,
2021-03-21,0.0,19.434856488670192,BASE,0.0,,,
2021-03-22,0.0,19.434856488670192,BASE,0.0,,,
2021-03-23,-0.0389900006238395,18.677091422052712,BASE,0.0,,,
2021-03-24,-0.0014999999999999,18.649075784919635,BASE,0.0103198956464767,,,
2021-03-25,0.0712536555114478,19.97789060650518,BASE,0.0,,,
2021-03-26,0.0143851251753956,20.26527506362012,BASE,0.0965661708271918,,,
2021-03-27,-0.00070784708783,20.250930347682264,BASE,0.0405220984693996,,,
2021-03-28,0.0333079766924482,20.92544786370326,BASE,0.0117974305273854,,,
2021-03-29,0.0192780591535037,21.32884988543329,BASE,0.0435913896420725,,,
2021-03-30,-0.0001024740678476,21.326664231423017,BASE,0.1114782709616328,,,
2021-03-31,-0.000342352940175,21.319362985219264,BASE,0.4090142655198028,,,
2021-04-01,0.0039095415497567,21.402711920624327,BASE,0.156212086750355,,,
2021-04-02,-0.0321979589146805,20.713588281541323,BASE,0.0802549867904784,,,
2021-04-03,0.02015829785981,21.131138963866103,BASE,0.1308764684467428,,,
2021-04-04,0.0159441228919756,21.4680564403534,BASE,0.2379507428579264,,,
2021-04-05,-0.0007080545511487,21.45285588528649,BASE,0.4263235936434573,,,
2021-04-06,-0.0704191344610623,19.94216434212671,BASE,0.1951115311409461,,,
2021-04-07,0.059583288769373,21.13038407880994,BASE,0.0352810142478915,,,
2021-04-08,-0.0065322092229604,20.99235598904564,BASE,0.0939746409241013,,,
2021-04-09,0.032232312627306,21.66898817006826,BASE,0.0908133065497643,,,
2021-04-10,0.0083759473913636,21.850486475004832,BASE,0.317341521684193,,,
2021-04-11,-0.0063541201844414,21.71164585785414,BASE,0.1581941982690362,,,TRX
2021-04-12,0.0755488401031019,23.351935519144337,BASE,0.1409409215971837,,,TRX
2021-04-13,0.0580247826408431,24.706926501885672,BASE,0.2590512054193674,,,TRX
2021-04-14,0.0334785825865329,25.53407938123845,BASE,0.2283134305326066,,,TRX
2021-04-15,-0.0363438926986044,24.606071540049072,BASE,0.4682552967822377,,,TRX
2021-04-16,-0.0433695055455346,23.53891838393909,BASE,1.0403118703077172,,,TRX
2021-04-17,-0.0353641698308595,22.70648407657473,BASE,0.0559843475707952,,,
2021-04-18,-0.0122051630979229,22.429347735039745,BASE,0.1773526397578613,TRX,TRX,"DCR,ETH,TRX,XTZ"
2021-04-19,0.0142336024894513,22.74859815479798,BASE,0.2777905472028416,TRX,TRX,"DCR,ETH,TRX,XTZ"
2021-04-20,-0.0467411608329642,21.685302269720093,BASE,0.1491117155279293,TRX,TRX,"DCR,ETH,TRX,XTZ"
2021-04-21,-0.0389805239606205,20.839997825001973,BASE,0.0583418698367108,TRX,TRX,"DCR,ETH,TRX,XTZ"
2021-04-22,-0.0109462080023277,20.611878874041444,BASE,0.0563241639188738,TRX,TRX,"DCR,ETH,TRX,XTZ"
2021-04-23,-0.0015000000000002,20.58096105573038,BASE,0.053093610499868,TRX,TRX,"DCR,ETH,TRX,XTZ"
2021-04-24,0.0,20.58096105573038,BASE,0.0,,,
2021-04-25,0.0,20.58096105573038,BASE,0.0,TRX,TRX,"DCR,ETH,TRX,XTZ"
2021-04-26,0.0,20.58096105573038,BASE,0.0,TRX,TRX,"DCR,ETH,TRX,XTZ"
2021-04-27,0.0,20.58096105573038,BASE,0.0,TRX,TRX,"DCR,ETH,TRX,XTZ"
2021-04-28,0.0,20.58096105573038,BASE,0.0,TRX,TRX,"DCR,ETH,TRX,XTZ"
2021-04-29,0.0,20.58096105573038,BASE,0.0,TRX,TRX,"DCR,ETH,TRX,XTZ"
2021-04-30,0.0,20.58096105573038,BASE,0.0,TRX,TRX,"DCR,ETH,TRX,XTZ"
2021-05-01,0.0,20.58096105573038,BASE,0.0,,,
2021-05-02,0.0016266126047195,20.614438306400874,CANDIDATE,ETH,XTZ,XTZ,"DCR,ETH,TRX,XTZ"
2021-05-03,0.1632379066708253,23.97949606273263,CANDIDATE,ETH,XTZ,XTZ,"DCR,ETH,TRX,XTZ"
2021-05-04,-0.0559684527140458,22.63740077123893,CANDIDATE,ETH,XTZ,XTZ,"DCR,ETH,TRX,XTZ"
2021-05-05,0.088067032827932,24.631009488098684,CANDIDATE,ETH,XTZ,XTZ,"DCR,ETH,TRX,XTZ"
2021-05-06,0.0,24.631009488098684,BASE,0.0,XTZ,XTZ,"DCR,ETH,TRX,XTZ"
2021-05-07,0.0,24.631009488098684,BASE,0.0,XTZ,XTZ,"DCR,ETH,TRX,XTZ"
2021-05-08,0.0,24.631009488098684,BASE,0.0,,,
2021-05-09,0.0,24.631009488098684,BASE,0.0,XTZ,XTZ,"DCR,ETH,TRX,XTZ"
2021-05-10,0.0,24.631009488098684,BASE,0.0,XTZ,XTZ,"DCR,ETH,TRX,XTZ"
2021-05-11,-0.1257050029274735,21.53476836829061,BASE,0.0,XTZ,XTZ,"DCR,ETH,TRX,XTZ"
2021-05-12,-0.0014999999999997,21.50246621573818,BASE,0.1055916839638922,XTZ,XTZ,"DCR,ETH,TRX,XTZ"
2021-05-13,0.0,21.50246621573818,CASH,CASH,XTZ,XTZ,"DCR,ETH,TRX,XTZ"
2021-05-14,0.0,21.50246621573818,BASE,0.0,XTZ,XTZ,"DCR,ETH,TRX,XTZ"
2021-05-15,0.0,21.50246621573818,BASE,0.0,,,
2021-05-16,0.0,21.50246621573818,BASE,0.0,ETH,ETH,"BNB,DCR,ETH,TRX,XTZ"
2021-05-17,0.0,21.50246621573818,BASE,0.0,ETH,ETH,"BNB,DCR,ETH,TRX,XTZ"
2021-05-18,0.0,21.50246621573818,CASH,CASH,ETH,ETH,"BNB,DCR,ETH,TRX,XTZ"
2021-05-19,0.0,21.50246621573818,CASH,CASH,ETH,ETH,"BNB,DCR,ETH,TRX,XTZ"
2021-05-20,0.0,21.50246621573818,CASH,CASH,ETH,ETH,"BNB,DCR,ETH,TRX,XTZ"
2021-05-21,0.0,21.50246621573818,CASH,CASH,ETH,ETH,"BNB,DCR,ETH,TRX,XTZ"
2021-05-22,0.0,21.50246621573818,CASH,CASH,,,
2021-05-23,0.0,21.50246621573818,CASH,CASH,ETH,ETH,"BNB,DCR,ETH,TRX,XTZ"
2021-05-24,0.0,21.50246621573818,CASH,CASH,ETH,ETH,"BNB,DCR,ETH,TRX,XTZ"
2021-05-25,0.0,21.50246621573818,CASH,CASH,ETH,ETH,"BNB,DCR,ETH,TRX,XTZ"
2021-05-26,0.0,21.50246621573818,CASH,CASH,ETH,ETH,"BNB,DCR,ETH,TRX,XTZ"
2021-05-27,0.0,21.50246621573818,CASH,CASH,ETH,ETH,"BNB,DCR,ETH,TRX,XTZ"
2021-05-28,0.0,21.50246621573818,CASH,CASH,ETH,ETH,"BNB,DCR,ETH,TRX,XTZ"
2021-05-29,0.0,21.50246621573818,CASH,CASH,,,
2021-05-30,0.0,21.50246621573818,CASH,CASH,ETH,ETH,"BNB,DCR,ETH,TRX,XTZ"
2021-05-31,0.0,21.50246621573818,CASH,CASH,ETH,ETH,"BNB,DCR,ETH,TRX,XTZ"
2021-06-01,0.0,21.50246621573818,CASH,CASH,ETH,ETH,"BNB,DCR,ETH,TRX,XTZ"
2021-06-02,0.0,21.50246621573818,CASH,CASH,ETH,ETH,"BNB,DCR,ETH,TRX,XTZ"
2021-06-03,0.0,21.50246621573818,CASH,CASH,ETH,ETH,"BNB,DCR,ETH,TRX,XTZ"
2021-06-04,0.0,21.50246621573818,CASH,CASH,ETH,ETH,"BNB,DCR,ETH,TRX,XTZ"
2021-06-05,0.0,21.50246621573818,CASH,CASH,,,
2021-06-06,0.0,21.50246621573818,CASH,CASH,ETH,ETH,"BNB,DCR,ETH,TRX,XTZ"
2021-06-07,0.0,21.50246621573818,CASH,CASH,ETH,ETH,"BNB,DCR,ETH,TRX,XTZ"
2021-06-08,0.0,21.50246621573818,CASH,CASH,ETH,ETH,"BNB,DCR,ETH,TRX,XTZ"
2021-06-09,0.0,21.50246621573818,CASH,CASH,ETH,ETH,"BNB,DCR,ETH,TRX,XTZ"
2021-06-10,0.0,21.50246621573818,CASH,CASH,ETH,ETH,"BNB,DCR,ETH,TRX,XTZ"
2021-06-11,0.0,21.50246621573818,CASH,CASH,ETH,ETH,"BNB,DCR,ETH,TRX,XTZ"
2021-06-12,0.0,21.50246621573818,CASH,CASH,,,
2021-06-13,0.0,21.50246621573818,CASH,CASH,,,"BNB,DCR,ETH,TRX,XTZ"
2021-06-14,0.0,21.50246621573818,CASH,CASH,,,"BNB,DCR,ETH,TRX,XTZ"
2021-06-15,0.0,21.50246621573818,CASH,CASH,,,"BNB,DCR,ETH,TRX,XTZ"
2021-06-16,0.0,21.50246621573818,CASH,CASH,,,"BNB,DCR,ETH,TRX,XTZ"
2021-06-17,0.0,21.50246621573818,CASH,CASH,,,"BNB,DCR,ETH,TRX,XTZ"
2021-06-18,0.0,21.50246621573818,CASH,CASH,,,"BNB,DCR,ETH,TRX,XTZ"
2021-06-19,0.0,21.50246621573818,CASH,CASH,,,
2021-06-20,0.0,21.50246621573818,CASH,CASH,,,"BNB,DCR,ETH,TRX,XTZ"
2021-06-21,0.0,21.50246621573818,CASH,CASH,,,"BNB,DCR,ETH,TRX,XTZ"
2021-06-22,0.0,21.50246621573818,CASH,CASH,,,"BNB,DCR,ETH,TRX,XTZ"
2021-06-23,0.0,21.50246621573818,CASH,CASH,,,"BNB,DCR,ETH,TRX,XTZ"
2021-06-24,0.0,21.50246621573818,CASH,CASH,,,"BNB,DCR,ETH,TRX,XTZ"
2021-06-25,0.0,21.50246621573818,CASH,CASH,,,"BNB,DCR,ETH,TRX,XTZ"
2021-06-26,0.0,21.50246621573818,CASH,CASH,,,
2021-06-27,0.0,21.50246621573818,CASH,CASH,,,"BNB,DCR,ETH,TRX,XTZ"
2021-06-28,0.0,21.50246621573818,CASH,CASH,,,"BNB,DCR,ETH,TRX,XTZ"
2021-06-29,0.0,21.50246621573818,CASH,CASH,,,"BNB,DCR,ETH,TRX,XTZ"
2021-06-30,0.0,21.50246621573818,CASH,CASH,,,"BNB,DCR,ETH,TRX,XTZ"
2021-07-01,0.0,21.50246621573818,CASH,CASH,,,"BNB,DCR,ETH,TRX,XTZ"
2021-07-02,0.0,21.50246621573818,CASH,CASH,,,"BNB,DCR,ETH,TRX,XTZ"
2021-07-03,0.0,21.50246621573818,CASH,CASH,,,
2021-07-04,0.0,21.50246621573818,CASH,CASH,,,"BNB,DCR,ETH,TRX,XTZ"
2021-07-05,0.0,21.50246621573818,CASH,CASH,,,"BNB,DCR,ETH,TRX,XTZ"
2021-07-06,0.0,21.50246621573818,CASH,CASH,,,"BNB,DCR,ETH,TRX,XTZ"
2021-07-07,0.0,21.50246621573818,CASH,CASH,,,"BNB,DCR,ETH,TRX,XTZ"
2021-07-08,0.0,21.50246621573818,CASH,CASH,,,"BNB,DCR,ETH,TRX,XTZ"
2021-07-09,0.0,21.50246621573818,CASH,CASH,,,"BNB,DCR,ETH,TRX,XTZ"
2021-07-10,0.0,21.50246621573818,CASH,CASH,,,
2021-07-11,0.0,21.50246621573818,CASH,CASH,,,"BNB,DCR,ETH,TRX,XTZ"
2021-07-12,0.0,21.50246621573818,CASH,CASH,,,"BNB,DCR,ETH,TRX,XTZ"
2021-07-13,0.0,21.50246621573818,CASH,CASH,,,"BNB,DCR,ETH,TRX,XTZ"
2021-07-14,0.0,21.50246621573818,CASH,CASH,,,"BNB,DCR,ETH,TRX,XTZ"
2021-07-15,0.0,21.50246621573818,CASH,CASH,,,"BNB,DCR,ETH,TRX,XTZ"
2021-07-16,0.0,21.50246621573818,CASH,CASH,,,"BNB,DCR,ETH,TRX,XTZ"
2021-07-17,0.0,21.50246621573818,CASH,CASH,,,
2021-07-18,0.0,21.50246621573818,CASH,CASH,,,"BNB,DCR,ETH,TRX,XTZ"
2021-07-19,0.0,21.50246621573818,CASH,CASH,,,"BNB,DCR,ETH,TRX,XTZ"
2021-07-20,0.0,21.50246621573818,CASH,CASH,,,"BNB,DCR,ETH,TRX,XTZ"
2021-07-21,0.0,21.50246621573818,CASH,CASH,,,"BNB,DCR,ETH,TRX,XTZ"
2021-07-22,0.0,21.50246621573818,CASH,CASH,,,"BNB,DCR,ETH,TRX,XTZ"
2021-07-23,0.0,21.50246621573818,CASH,CASH,,,"BNB,DCR,ETH,TRX,XTZ"
2021-07-24,0.0,21.50246621573818,CASH,CASH,,,
2021-07-25,0.0,21.50246621573818,CASH,CASH,,,"BNB,DCR,ETH,TRX,XTZ"
2021-07-26,0.0,21.50246621573818,CASH,CASH,,,"BNB,DCR,ETH,TRX,XTZ"
2021-07-27,0.0,21.50246621573818,CASH,CASH,,,"BNB,DCR,ETH,TRX,XTZ"
2021-07-28,0.0,21.50246621573818,CASH,CASH,,,"BNB,DCR,ETH,TRX,XTZ"
2021-07-29,0.0,21.50246621573818,CASH,CASH,,,"BNB,DCR,ETH,TRX,XTZ"
2021-07-30,0.0,21.50246621573818,CASH,CASH,,,"BNB,DCR,ETH,TRX,XTZ"
2021-07-31,0.0,21.50246621573818,CASH,CASH,,,
2021-08-01,0.0,21.50246621573818,CASH,CASH,,,"BNB,DCR,ETH,TRX,XTZ"
2021-08-02,0.0,21.50246621573818,CASH,CASH,,,"BNB,DCR,ETH,TRX,XTZ"
2021-08-03,0.0,21.50246621573818,CASH,CASH,,,"BNB,DCR,ETH,TRX,XTZ"
2021-08-04,0.0,21.50246621573818,CASH,CASH,,,"BNB,DCR,ETH,TRX,XTZ"
2021-08-05,0.0,21.50246621573818,CASH,CASH,,,"BNB,DCR,ETH,TRX,XTZ"
2021-08-06,0.0,21.50246621573818,CASH,CASH,,,"BNB,DCR,ETH,TRX,XTZ"
2021-08-07,0.0,21.50246621573818,CASH,CASH,,,
2021-08-08,0.0,21.50246621573818,BASE,0.0,,,"BNB,DCR,ETH,TRX,XTZ"
2021-08-09,0.0,21.50246621573818,BASE,0.0,,,"BNB,DCR,ETH,TRX,XTZ"
2021-08-10,-0.0144510457609603,21.191733092481044,BTC,BTC,,,"BNB,DCR,ETH,TRX,XTZ"
2021-08-11,-0.0016231219969555,21.157336324345028,BTC,BTC,,,"BNB,DCR,ETH,TRX,XTZ"
2021-08-12,-0.0244336534024741,20.640385301676407,BTC,BTC,,,"BNB,DCR,ETH,TRX,XTZ"
2021-08-13,0.0766008243428906,22.221455830539703,BTC,BTC,,,"BNB,DCR,ETH,TRX,XTZ"
2021-08-14,-0.0153031380753138,21.881397823730467,BTC,BTC,,,
2021-08-15,-0.0020117484067373,21.83737795652139,BTC,BTC,,,"DCR,ETH,TRX,XTZ"
2021-08-16,-0.0228325054253624,21.338775905853424,BTC,BTC,,,"DCR,ETH,TRX,XTZ"
2021-08-17,-0.0262593927098782,20.778432609393533,BTC,BTC,,,"DCR,ETH,TRX,XTZ"
2021-08-18,0.0002089674791565,20.782774626076744,BTC,BTC,,,"DCR,ETH,TRX,XTZ"
2021-08-19,0.0459750960121274,21.73826468490903,BTC,BTC,,,"DCR,ETH,TRX,XTZ"
2021-08-20,0.054786484866967,22.92922779410292,BTC,BTC,,,"DCR,ETH,TRX,XTZ"
2021-08-21,-0.0101495322517303,22.6965068570994,BTC,BTC,,,
2021-08-22,0.008548423073512,22.890526200004754,BTC,BTC,,,"DCR,ETH,TRX,XTZ"
2021-08-23,0.0050697391225937,23.006575196217675,BTC,BTC,,,"DCR,ETH,TRX,XTZ"
2021-08-24,-0.0366716947352786,22.162885093717748,BTC,BTC,,,"DCR,ETH,TRX,XTZ"
2021-08-25,0.0272540530993721,22.766913540897214,BTC,BTC,,,"DCR,ETH,TRX,XTZ"
2021-08-26,-0.0434818386827765,21.7769662790072,BTC,BTC,,,"DCR,ETH,TRX,XTZ"
2021-08-27,0.0475201984806121,22.811812038891222,BTC,BTC,,,"DCR,ETH,TRX,XTZ"
2021-08-28,-0.0035571704853688,22.730666534388696,BTC,BTC,,,
2021-08-29,-0.0026080189629483,22.671384525026557,BTC,BTC,,,"BNB,DCR,XTZ"
2021-08-30,-0.0366003572436993,21.84160375220131,BTC,BTC,,,"BNB,DCR,XTZ"
2021-08-31,0.0025111258540604,21.896450768077603,BTC,BTC,,,"BNB,DCR,XTZ"
2021-09-01,0.0362971909872615,22.691230423549687,BTC,BTC,,,"BNB,DCR,XTZ"
2021-09-02,0.0402264238658995,23.60401747660619,BASE,0.1689651435600182,,,"BNB,DCR,XTZ"
2021-09-03,-0.013354121647186,23.28880655586129,BASE,0.1212574822988576,,,"BNB,DCR,XTZ"
2021-09-04,0.0166695834791739,23.67702126087455,BASE,0.0408110839483409,,,
2021-09-05,-0.0059539932511283,23.53604843608048,BASE,0.1061550483816025,XTZ,XTZ,"ATOM,BNB,CAKE,CHZ,DCR,XTZ"
2021-09-06,-0.1253447489921744,20.585928352592315,BASE,0.1624328664905651,XTZ,XTZ,"ATOM,BNB,CAKE,CHZ,DCR,XTZ"
2021-09-07,-0.0014999999999997,20.555049460063433,BASE,0.1816107336469057,XTZ,XTZ,"ATOM,BNB,CAKE,CHZ,DCR,XTZ"
2021-09-08,0.0,20.555049460063433,BASE,0.0,XTZ,XTZ,"ATOM,BNB,CAKE,CHZ,DCR,XTZ"
2021-09-09,0.0,20.555049460063433,BASE,0.0,XTZ,XTZ,"ATOM,BNB,CAKE,CHZ,DCR,XTZ"
2021-09-10,0.0,20.555049460063433,BASE,0.0,XTZ,XTZ,"ATOM,BNB,CAKE,CHZ,DCR,XTZ"
2021-09-11,0.0,20.555049460063433,BASE,0.0,,,
2021-09-12,0.0,20.555049460063433,BASE,0.0,XTZ,XTZ,"ATOM,BNB,CHZ,ETH,TRX,XTZ"
2021-09-13,0.0,20.555049460063433,BASE,0.0,XTZ,XTZ,"ATOM,BNB,CHZ,ETH,TRX,XTZ"
2021-09-14,0.0,20.555049460063433,BASE,0.0,XTZ,XTZ,"ATOM,BNB,CHZ,ETH,TRX,XTZ"
2021-09-15,0.0,20.555049460063433,BASE,0.0,XTZ,XTZ,"ATOM,BNB,CHZ,ETH,TRX,XTZ"
2021-09-16,0.0,20.555049460063433,BASE,0.0,XTZ,XTZ,"ATOM,BNB,CHZ,ETH,TRX,XTZ"
2021-09-17,0.0,20.555049460063433,BASE,0.0,XTZ,XTZ,"ATOM,BNB,CHZ,ETH,TRX,XTZ"
2021-09-18,0.0,20.555049460063433,BASE,0.0,,,
2021-09-19,-0.031149945861615347,19.914760782199632,CANDIDATE,ETH,ETH,ETH,"CHZ,ETH,JST,STX,TRX,XTZ"
2021-09-20,0.0,19.914760782199632,BASE,0.0,ETH,ETH,"CHZ,ETH,JST,STX,TRX,XTZ"
2021-09-21,0.0,19.914760782199632,BASE,0.0,ETH,ETH,"CHZ,ETH,JST,STX,TRX,XTZ"
2021-09-22,0.0,19.914760782199632,CASH,CASH,ETH,ETH,"CHZ,ETH,JST,STX,TRX,XTZ"
2021-09-23,0.0,19.914760782199632,BASE,0.0,ETH,ETH,"CHZ,ETH,JST,STX,TRX,XTZ"
2021-09-24,0.0,19.914760782199632,BASE,0.0,ETH,ETH,"CHZ,ETH,JST,STX,TRX,XTZ"
2021-09-25,0.0,19.914760782199632,BASE,0.0,,,
2021-09-26,0.0,19.914760782199632,BASE,0.0,ETH,ETH,"CHZ,ETH,JST,STX,TRX,XTZ"
2021-09-27,0.0,19.914760782199632,BASE,0.0,ETH,ETH,"CHZ,ETH,JST,STX,TRX,XTZ"
2021-09-28,0.0,19.914760782199632,BASE,0.0,ETH,ETH,"CHZ,ETH,JST,STX,TRX,XTZ"
2021-09-29,0.0,19.914760782199632,BASE,0.0,ETH,ETH,"CHZ,ETH,JST,STX,TRX,XTZ"
2021-09-30,0.0,19.914760782199632,BASE,0.0,ETH,ETH,"CHZ,ETH,JST,STX,TRX,XTZ"
2021-10-01,0.0,19.914760782199632,BASE,0.0,ETH,ETH,"CHZ,ETH,JST,STX,TRX,XTZ"
2021-10-02,0.0,19.914760782199632,BASE,0.0,,,
2021-10-03,0.0,19.914760782199632,BASE,0.0,ETH,ETH,"BNB,ETH,JST,STX,TRX,XTZ"
2021-10-04,0.0,19.914760782199632,BASE,0.0,ETH,ETH,"BNB,ETH,JST,STX,TRX,XTZ"
2021-10-05,0.0,19.914760782199632,BASE,0.0,ETH,ETH,"BNB,ETH,JST,STX,TRX,XTZ"
2021-10-06,0.0,19.914760782199632,BASE,0.0,ETH,ETH,"BNB,ETH,JST,STX,TRX,XTZ"
2021-10-07,0.0,19.914760782199632,BASE,0.0,ETH,ETH,"BNB,ETH,JST,STX,TRX,XTZ"
2021-10-08,0.0030902541627606,19.976302454607207,BTC,BTC,ETH,ETH,"BNB,ETH,JST,STX,TRX,XTZ"
2021-10-09,0.0185034947173781,20.34593386154878,BTC,BTC,,,
2021-10-10,-0.0052906548022446,20.238290548858025,BTC,BTC,ETH,ETH,"CHZ,ETH,JST,STX,TRX,XTZ"
2021-10-11,0.0514526427486781,21.279604082312364,BTC,BTC,ETH,ETH,"CHZ,ETH,JST,STX,TRX,XTZ"
2021-10-12,-0.025654869774244,20.73367861073317,BTC,BTC,ETH,ETH,"CHZ,ETH,JST,STX,TRX,XTZ"
2021-10-13,0.0244668770234368,21.24096697554544,BTC,BTC,ETH,ETH,"CHZ,ETH,JST,STX,TRX,XTZ"
2021-10-14,-0.0003322467620757,21.23390973304446,BTC,BTC,ETH,ETH,"CHZ,ETH,JST,STX,TRX,XTZ"
2021-10-15,-0.012920686426769,20.959553043769475,BASE,0.0123138718143274,ETH,ETH,"CHZ,ETH,JST,STX,TRX,XTZ"
2021-10-16,0.0107228564759229,21.18429932285731,BASE,0.035099536675172,,,
2021-10-17,0.0078258259244154,21.350083961688703,BASE,0.0056539367194561,JST,JST,"ATOM,CHZ,ETH,JST,TRX,XTZ"
2021-10-18,0.0366191881804565,22.131906703950328,BASE,0.0325442329485869,JST,JST,"ATOM,CHZ,ETH,JST,TRX,XTZ"
2021-10-19,0.0267704450130281,22.7243876954019,BASE,0.0,JST,JST,"ATOM,CHZ,ETH,JST,TRX,XTZ"
2021-10-20,-0.0576996764160038,21.413197878625393,BASE,0.1076498913587782,JST,JST,"ATOM,CHZ,ETH,JST,TRX,XTZ"
2021-10-21,-0.022933431861416,20.92211976414092,BASE,0.1356761363526266,JST,JST,"ATOM,CHZ,ETH,JST,TRX,XTZ"
2021-10-22,0.006862375268215,21.065695201368996,BASE,0.0859711677104726,JST,JST,"ATOM,CHZ,ETH,JST,TRX,XTZ"
2021-10-23,-0.0233473862043807,20.573866279838864,BASE,0.0839639239993117,,,
2021-10-24,0.0335896264754187,21.264934763333866,BASE,0.1179180751729195,,,"ATOM,CHZ,JST,STX,TRX,XTZ"
2021-10-25,-0.0240526565206364,20.753456591537656,BASE,0.0536460637602718,,,"ATOM,CHZ,JST,STX,TRX,XTZ"
2021-10-26,-0.0507125706761678,19.700995457364524,BASE,0.0323758233547156,,,"ATOM,CHZ,JST,STX,TRX,XTZ"
2021-10-27,0.0928148903620602,21.529541190763258,BASE,0.0189637263014817,,,"ATOM,CHZ,JST,STX,TRX,XTZ"
2021-10-28,0.0310007886104124,22.196973946097277,BASE,0.1669581235093142,,,"ATOM,CHZ,JST,STX,TRX,XTZ"
2021-10-29,-0.0217724360642604,21.71369175003582,BASE,0.0470638586756213,,,"ATOM,CHZ,JST,STX,TRX,XTZ"
2021-10-30,-0.0082055576633015,21.535518800297748,BASE,0.0369330786345417,,,
2021-10-31,-0.007003596441415683,21.384692717463942,CANDIDATE,BNB,BNB,BNB,"ATOM,BNB,CHZ,JST,STX,XTZ"
2021-11-01,0.05089592070148674,22.473086342237647,CANDIDATE,BNB,BNB,BNB,"ATOM,BNB,CHZ,JST,STX,XTZ"
2021-11-02,0.005623072737166668,22.599454141368675,CANDIDATE,BNB,BNB,BNB,"ATOM,BNB,CHZ,JST,STX,XTZ"
2021-11-03,0.025252525252525304,23.170147427766874,CANDIDATE,BNB,BNB,BNB,"ATOM,BNB,CHZ,JST,STX,XTZ"
2021-11-04,-0.01706544686840239,22.77473850790527,CANDIDATE,BNB,BNB,BNB,"ATOM,BNB,CHZ,JST,STX,XTZ"
2021-11-05,0.08698764990155694,24.75585948783044,CANDIDATE,BNB,BNB,BNB,"ATOM,BNB,CHZ,JST,STX,XTZ"
2021-11-06,0.0209362549800795,25.274154474318678,BASE,0.0850259731672533,,,
2021-11-07,0.01866081229418226,25.745790726858104,CANDIDATE,BNB,BNB,BNB,"BNB,CHZ,ETH,JST,STX,XTZ"
2021-11-08,0.006003694581280694,25.90036059113573,CANDIDATE,BNB,BNB,BNB,"BNB,CHZ,ETH,JST,STX,XTZ"
2021-11-09,-0.028309104820198883,25.16714456828032,CANDIDATE,BNB,BNB,BNB,"BNB,CHZ,ETH,JST,STX,XTZ"
2021-11-10,-0.03291338582677161,24.33880862894637,CANDIDATE,BNB,BNB,BNB,"BNB,CHZ,ETH,JST,STX,XTZ"
2021-11-11,0.023286109754111717,24.905564797964338,CANDIDATE,BNB,BNB,BNB,"BNB,CHZ,ETH,JST,STX,XTZ"
2021-11-12,-0.0023870146403565107,24.84611485016525,CANDIDATE,BNB,BNB,BNB,"BNB,CHZ,ETH,JST,STX,XTZ"
2021-11-13,-0.0038283652148448,24.75099484834884,BASE,0.1550469403701755,,,
2021-11-14,0.002001539645881456,24.800534945812817,CANDIDATE,BNB,BNB,BNB,"BNB,ETH,JST,LINK,STX,XTZ"
2021-11-15,-0.02612169637369388,24.15270290205311,CANDIDATE,BNB,BNB,BNB,"BNB,ETH,JST,LINK,STX,XTZ"
2021-11-16,-0.0711580940359734,22.434042597725888,CANDIDATE,BNB,BNB,BNB,"BNB,ETH,JST,LINK,STX,XTZ"
2021-11-17,-0.01817564124341775,22.02628948783007,CANDIDATE,BNB,BNB,BNB,"BNB,ETH,JST,LINK,STX,XTZ"
2021-11-18,-0.07993079584775098,20.265710639494863,CANDIDATE,BNB,BNB,BNB,"BNB,ETH,JST,LINK,STX,XTZ"
2021-11-19,0.0273379653345005,20.819733934436393,BASE,0.0377698017563532,BNB,BNB,"BNB,ETH,JST,LINK,STX,XTZ"
2021-11-20,-0.0348717297837569,20.093713798505014,BASE,0.0968467929965992,,,
2021-11-21,-0.0404714546381077,19.280491971997698,BASE,0.0940547468310391,BNB,BNB,"BNB,CHZ,LINK,STX,VET,XTZ"
2021-11-22,0.0620342293262061,20.47654243251068,BASE,0.0900550150023951,BNB,BNB,"BNB,CHZ,LINK,STX,VET,XTZ"
2021-11-23,-0.0161495492505945,20.14585550201496,BASE,0.0,BNB,BNB,"BNB,CHZ,LINK,STX,VET,XTZ"
2021-11-24,0.0598426930500124,21.351437749051946,BASE,0.0147961403519308,BNB,BNB,"BNB,CHZ,LINK,STX,VET,XTZ"
2021-11-25,-0.0015,21.31941059242837,BASE,0.0228271358505467,BNB,BNB,"BNB,CHZ,LINK,STX,VET,XTZ"
2021-11-26,0.0118846382262693,21.572784074516676,BASE,0.0,BNB,BNB,"BNB,CHZ,LINK,STX,VET,XTZ"
2021-11-27,0.0487120570216028,22.62363876246926,BASE,0.0753273594720138,,,
2021-11-28,0.0348679094156161,23.41247774949066,BASE,0.0,VET,VET,"AVAX,BNB,LINK,VET,XTZ,ZEC"
2021-11-29,0.0417884455724231,24.390848801640818,BASE,0.0554237044224565,VET,VET,"AVAX,BNB,LINK,VET,XTZ,ZEC"
2021-11-30,-0.0015,24.35426252843836,BASE,0.0,VET,VET,"AVAX,BNB,LINK,VET,XTZ,ZEC"
2021-12-01,0.0,24.35426252843836,BASE,0.0,VET,VET,"AVAX,BNB,LINK,VET,XTZ,ZEC"
2021-12-02,-0.0386282051282053,23.41350107974368,BASE,0.0,VET,VET,"AVAX,BNB,LINK,VET,XTZ,ZEC"
2021-12-03,-0.0014999999999996,23.378380828124072,BASE,0.0421384111033396,VET,VET,"AVAX,BNB,LINK,VET,XTZ,ZEC"
2021-12-04,0.0,23.378380828124072,BASE,0.0,,,
2021-12-05,0.0,23.378380828124072,BASE,0.0,VET,VET,"AVAX,BNB,LINK,VET,XTZ,ZEC"
2021-12-06,0.0,23.378380828124072,BASE,0.0,VET,VET,"AVAX,BNB,LINK,VET,XTZ,ZEC"
2021-12-07,0.0,23.378380828124072,BASE,0.0,VET,VET,"AVAX,BNB,LINK,VET,XTZ,ZEC"
2021-12-08,0.0,23.378380828124072,BASE,0.0,VET,VET,"AVAX,BNB,LINK,VET,XTZ,ZEC"
2021-12-09,0.0,23.378380828124072,BASE,0.0,VET,VET,"AVAX,BNB,LINK,VET,XTZ,ZEC"
2021-12-10,0.0,23.378380828124072,CASH,CASH,VET,VET,"AVAX,BNB,LINK,VET,XTZ,ZEC"
2021-12-11,0.0,23.378380828124072,CASH,CASH,,,
2021-12-12,0.0,23.378380828124072,BASE,0.0,VET,VET,"AVAX,BNB,LINK,VET,XTZ,ZEC"
2021-12-13,0.0,23.378380828124072,BASE,0.0,VET,VET,"AVAX,BNB,LINK,VET,XTZ,ZEC"
2021-12-14,0.0,23.378380828124072,CASH,CASH,VET,VET,"AVAX,BNB,LINK,VET,XTZ,ZEC"
2021-12-15,0.0,23.378380828124072,CASH,CASH,VET,VET,"AVAX,BNB,LINK,VET,XTZ,ZEC"
2021-12-16,0.0,23.378380828124072,CASH,CASH,VET,VET,"AVAX,BNB,LINK,VET,XTZ,ZEC"
2021-12-17,0.0,23.378380828124072,CASH,CASH,VET,VET,"AVAX,BNB,LINK,VET,XTZ,ZEC"
2021-12-18,0.0,23.378380828124072,CASH,CASH,,,
2021-12-19,0.0,23.378380828124072,CASH,CASH,ZEC,ZEC,"AVAX,LINK,STX,VET,XTZ,ZEC"
2021-12-20,0.0,23.378380828124072,CASH,CASH,ZEC,ZEC,"AVAX,LINK,STX,VET,XTZ,ZEC"
2021-12-21,0.0,23.378380828124072,CASH,CASH,ZEC,ZEC,"AVAX,LINK,STX,VET,XTZ,ZEC"
2021-12-22,0.0,23.378380828124072,CASH,CASH,ZEC,ZEC,"AVAX,LINK,STX,VET,XTZ,ZEC"
2021-12-23,0.0,23.378380828124072,CASH,CASH,ZEC,ZEC,"AVAX,LINK,STX,VET,XTZ,ZEC"
2021-12-24,0.0,23.378380828124072,BASE,0.0,ZEC,ZEC,"AVAX,LINK,STX,VET,XTZ,ZEC"
2021-12-25,0.0,23.378380828124072,BASE,0.0,,,
2021-12-26,0.0,23.378380828124072,BASE,0.0,,,"CHZ,LINK,STX,VET,XTZ,ZEC"
2021-12-27,0.0,23.378380828124072,BASE,0.0,,,"CHZ,LINK,STX,VET,XTZ,ZEC"
2021-12-28,0.0,23.378380828124072,BASE,0.0,,,"CHZ,LINK,STX,VET,XTZ,ZEC"
2021-12-29,0.0,23.378380828124072,CASH,CASH,,,"CHZ,LINK,STX,VET,XTZ,ZEC"
2021-12-30,0.0,23.378380828124072,CASH,CASH,,,"CHZ,LINK,STX,VET,XTZ,ZEC"
2021-12-31,0.0,23.378380828124072,CASH,CASH,,,"CHZ,LINK,STX,VET,XTZ,ZEC"
2022-01-01,0.0,23.378380828124072,CASH,CASH,,,
2022-01-02,0.0,23.378380828124072,CASH,CASH,,,"CHZ,LINK,STX,VET,XTZ,ZEC"
2022-01-03,0.0,23.378380828124072,CASH,CASH,,,"CHZ,LINK,STX,VET,XTZ,ZEC"
2022-01-04,0.0,23.378380828124072,CASH,CASH,,,"CHZ,LINK,STX,VET,XTZ,ZEC"
2022-01-05,0.0,23.378380828124072,CASH,CASH,,,"CHZ,LINK,STX,VET,XTZ,ZEC"
2022-01-06,0.0,23.378380828124072,CASH,CASH,,,"CHZ,LINK,STX,VET,XTZ,ZEC"
2022-01-07,0.0,23.378380828124072,CASH,CASH,,,"CHZ,LINK,STX,VET,XTZ,ZEC"
2022-01-08,0.0,23.378380828124072,CASH,CASH,,,
2022-01-09,0.0,23.378380828124072,CASH,CASH,,,"BNB,LINK,STX,VET,XTZ,ZEC"
2022-01-10,0.0,23.378380828124072,CASH,CASH,,,"BNB,LINK,STX,VET,XTZ,ZEC"
2022-01-11,0.0,23.378380828124072,CASH,CASH,,,"BNB,LINK,STX,VET,XTZ,ZEC"
2022-01-12,0.0,23.378380828124072,CASH,CASH,,,"BNB,LINK,STX,VET,XTZ,ZEC"
2022-01-13,0.0,23.378380828124072,CASH,CASH,,,"BNB,LINK,STX,VET,XTZ,ZEC"
2022-01-14,0.0,23.378380828124072,CASH,CASH,,,"BNB,LINK,STX,VET,XTZ,ZEC"
2022-01-15,0.0,23.378380828124072,CASH,CASH,,,
2022-01-16,0.0,23.378380828124072,CASH,CASH,,,"BNB,JST,LINK,VET,XTZ,ZEC"
2022-01-17,0.0,23.378380828124072,CASH,CASH,,,"BNB,JST,LINK,VET,XTZ,ZEC"
2022-01-18,0.0,23.378380828124072,CASH,CASH,,,"BNB,JST,LINK,VET,XTZ,ZEC"
2022-01-19,0.0,23.378380828124072,CASH,CASH,,,"BNB,JST,LINK,VET,XTZ,ZEC"
2022-01-20,0.0,23.378380828124072,CASH,CASH,,,"BNB,JST,LINK,VET,XTZ,ZEC"
2022-01-21,0.0,23.378380828124072,CASH,CASH,,,"BNB,JST,LINK,VET,XTZ,ZEC"
2022-01-22,0.0,23.378380828124072,CASH,CASH,,,
2022-01-23,0.0,23.378380828124072,CASH,CASH,,,"BNB,JST,LINK,VET,XTZ,ZEC"
2022-01-24,0.0,23.378380828124072,CASH,CASH,,,"BNB,JST,LINK,VET,XTZ,ZEC"
2022-01-25,0.0,23.378380828124072,CASH,CASH,,,"BNB,JST,LINK,VET,XTZ,ZEC"
2022-01-26,0.0,23.378380828124072,CASH,CASH,,,"BNB,JST,LINK,VET,XTZ,ZEC"
2022-01-27,0.0,23.378380828124072,CASH,CASH,,,"BNB,JST,LINK,VET,XTZ,ZEC"
2022-01-28,0.0,23.378380828124072,CASH,CASH,,,"BNB,JST,LINK,VET,XTZ,ZEC"
2022-01-29,0.0,23.378380828124072,CASH,CASH,,,
2022-01-30,0.0,23.378380828124072,CASH,CASH,,,"BNB,JST,LINK,VET,XTZ,ZEC"
2022-01-31,0.0,23.378380828124072,CASH,CASH,,,"BNB,JST,LINK,VET,XTZ,ZEC"
2022-02-01,0.0,23.378380828124072,CASH,CASH,,,"BNB,JST,LINK,VET,XTZ,ZEC"
2022-02-02,0.0,23.378380828124072,CASH,CASH,,,"BNB,JST,LINK,VET,XTZ,ZEC"
2022-02-03,0.0,23.378380828124072,CASH,CASH,,,"BNB,JST,LINK,VET,XTZ,ZEC"
2022-02-04,0.0,23.378380828124072,CASH,CASH,,,"BNB,JST,LINK,VET,XTZ,ZEC"
2022-02-05,0.0,23.378380828124072,CASH,CASH,,,
2022-02-06,0.0,23.378380828124072,CASH,CASH,,,"BNB,JST,LINK,VET,XTZ,ZEC"
2022-02-07,0.0,23.378380828124072,CASH,CASH,,,"BNB,JST,LINK,VET,XTZ,ZEC"
2022-02-08,0.0,23.378380828124072,CASH,CASH,,,"BNB,JST,LINK,VET,XTZ,ZEC"
2022-02-09,0.0,23.378380828124072,CASH,CASH,,,"BNB,JST,LINK,VET,XTZ,ZEC"
2022-02-10,0.0,23.378380828124072,CASH,CASH,,,"BNB,JST,LINK,VET,XTZ,ZEC"
2022-02-11,0.0,23.378380828124072,CASH,CASH,,,"BNB,JST,LINK,VET,XTZ,ZEC"
2022-02-12,0.0,23.378380828124072,CASH,CASH,,,
2022-02-13,0.0,23.378380828124072,CASH,CASH,,,"BNB,JST,LINK,VET,XTZ,ZEC"
2022-02-14,0.0,23.378380828124072,CASH,CASH,,,"BNB,JST,LINK,VET,XTZ,ZEC"
2022-02-15,0.0,23.378380828124072,CASH,CASH,,,"BNB,JST,LINK,VET,XTZ,ZEC"
2022-02-16,0.0,23.378380828124072,CASH,CASH,,,"BNB,JST,LINK,VET,XTZ,ZEC"
2022-02-17,0.0,23.378380828124072,CASH,CASH,,,"BNB,JST,LINK,VET,XTZ,ZEC"
2022-02-18,0.0,23.378380828124072,CASH,CASH,,,"BNB,JST,LINK,VET,XTZ,ZEC"
2022-02-19,0.0,23.378380828124072,CASH,CASH,,,
2022-02-20,0.0,23.378380828124072,CASH,CASH,,,"JST,LINK,STX,VET,XTZ,ZEC"
2022-02-21,0.0,23.378380828124072,CASH,CASH,,,"JST,LINK,STX,VET,XTZ,ZEC"
2022-02-22,0.0,23.378380828124072,CASH,CASH,,,"JST,LINK,STX,VET,XTZ,ZEC"
2022-02-23,0.0,23.378380828124072,CASH,CASH,,,"JST,LINK,STX,VET,XTZ,ZEC"
2022-02-24,0.0,23.378380828124072,CASH,CASH,,,"JST,LINK,STX,VET,XTZ,ZEC"
2022-02-25,0.0,23.378380828124072,CASH,CASH,,,"JST,LINK,STX,VET,XTZ,ZEC"
2022-02-26,0.0,23.378380828124072,CASH,CASH,,,
2022-02-27,0.0,23.378380828124072,CASH,CASH,,,"AVAX,JST,LINK,STX,VET,ZEC"
2022-02-28,0.0,23.378380828124072,CASH,CASH,,,"AVAX,JST,LINK,STX,VET,ZEC"
2022-03-01,0.0,23.378380828124072,CASH,CASH,,,"AVAX,JST,LINK,STX,VET,ZEC"
2022-03-02,0.0,23.378380828124072,CASH,CASH,,,"AVAX,JST,LINK,STX,VET,ZEC"
2022-03-03,0.0,23.378380828124072,CASH,CASH,,,"AVAX,JST,LINK,STX,VET,ZEC"
2022-03-04,0.0,23.378380828124072,CASH,CASH,,,"AVAX,JST,LINK,STX,VET,ZEC"
2022-03-05,0.0,23.378380828124072,CASH,CASH,,,
2022-03-06,0.0,23.378380828124072,CASH,CASH,,,"AVAX,BNB,LINK,STX,VET,ZEC"
2022-03-07,0.0,23.378380828124072,CASH,CASH,,,"AVAX,BNB,LINK,STX,VET,ZEC"
2022-03-08,0.0,23.378380828124072,CASH,CASH,,,"AVAX,BNB,LINK,STX,VET,ZEC"
2022-03-09,0.0,23.378380828124072,CASH,CASH,,,"AVAX,BNB,LINK,STX,VET,ZEC"
2022-03-10,0.0,23.378380828124072,CASH,CASH,,,"AVAX,BNB,LINK,STX,VET,ZEC"
2022-03-11,0.0,23.378380828124072,CASH,CASH,,,"AVAX,BNB,LINK,STX,VET,ZEC"
2022-03-12,0.0,23.378380828124072,CASH,CASH,,,
2022-03-13,0.0,23.378380828124072,CASH,CASH,,,"AVAX,BNB,LINK,STX,VET,ZEC"
2022-03-14,0.0,23.378380828124072,CASH,CASH,,,"AVAX,BNB,LINK,STX,VET,ZEC"
2022-03-15,0.0,23.378380828124072,CASH,CASH,,,"AVAX,BNB,LINK,STX,VET,ZEC"
2022-03-16,0.0,23.378380828124072,CASH,CASH,,,"AVAX,BNB,LINK,STX,VET,ZEC"
2022-03-17,0.0,23.378380828124072,CASH,CASH,,,"AVAX,BNB,LINK,STX,VET,ZEC"
2022-03-18,0.0,23.378380828124072,CASH,CASH,,,"AVAX,BNB,LINK,STX,VET,ZEC"
2022-03-19,0.0,23.378380828124072,CASH,CASH,,,
2022-03-20,0.0,23.378380828124072,CASH,CASH,,,"AVAX,BNB,LINK,VET,ZEC"
2022-03-21,0.0,23.378380828124072,CASH,CASH,,,"AVAX,BNB,LINK,VET,ZEC"
2022-03-22,0.0,23.378380828124072,CASH,CASH,,,"AVAX,BNB,LINK,VET,ZEC"
2022-03-23,0.0,23.378380828124072,CASH,CASH,,,"AVAX,BNB,LINK,VET,ZEC"
2022-03-24,0.0,23.378380828124072,CASH,CASH,,,"AVAX,BNB,LINK,VET,ZEC"
2022-03-25,0.0,23.378380828124072,CASH,CASH,,,"AVAX,BNB,LINK,VET,ZEC"
2022-03-26,0.0,23.378380828124072,CASH,CASH,,,
2022-03-27,0.0,23.378380828124072,CASH,CASH,,,"AVAX,BNB,LINK,VET,ZEC"
2022-03-28,0.0,23.378380828124072,BASE,0.0,,,"AVAX,BNB,LINK,VET,ZEC"
2022-03-29,0.0,23.378380828124072,BASE,0.0,,,"AVAX,BNB,LINK,VET,ZEC"
2022-03-30,0.0,23.378380828124072,BASE,0.0,,,"AVAX,BNB,LINK,VET,ZEC"
2022-03-31,0.0,23.378380828124072,BASE,0.0,,,"AVAX,BNB,LINK,VET,ZEC"
2022-04-01,0.0,23.378380828124072,BASE,0.0,,,"AVAX,BNB,LINK,VET,ZEC"
2022-04-02,0.0,23.378380828124072,BASE,0.0,,,
2022-04-03,0.0,23.378380828124072,BASE,0.0,,,"AVAX,BNB,LINK,VET,ZEC"
2022-04-04,0.003731305493634,23.465612708940323,BTC,BTC,,,"AVAX,BNB,LINK,VET,ZEC"
2022-04-05,-0.0232492087355848,22.92005578096178,BTC,BTC,,,"AVAX,BNB,LINK,VET,ZEC"
2022-04-06,-0.0511473694737408,21.747755219574177,BTC,BTC,,,"AVAX,BNB,LINK,VET,ZEC"
2022-04-07,0.0,21.747755219574177,CASH,CASH,,,"AVAX,BNB,LINK,VET,ZEC"
2022-04-08,0.0,21.747755219574177,CASH,CASH,,,"AVAX,BNB,LINK,VET,ZEC"
2022-04-09,0.0,21.747755219574177,CASH,CASH,,,
2022-04-10,0.0,21.747755219574177,CASH,CASH,,,"AVAX,BNB,LINK,VET,ZEC"
2022-04-11,0.0,21.747755219574177,CASH,CASH,,,"AVAX,BNB,LINK,VET,ZEC"
2022-04-12,0.0,21.747755219574177,CASH,CASH,,,"AVAX,BNB,LINK,VET,ZEC"
2022-04-13,0.0,21.747755219574177,CASH,CASH,,,"AVAX,BNB,LINK,VET,ZEC"
2022-04-14,0.0,21.747755219574177,CASH,CASH,,,"AVAX,BNB,LINK,VET,ZEC"
2022-04-15,0.0,21.747755219574177,CASH,CASH,,,"AVAX,BNB,LINK,VET,ZEC"
2022-04-16,0.0,21.747755219574177,CASH,CASH,,,
2022-04-17,0.0,21.747755219574177,CASH,CASH,,,"BNB,LINK,VET,ZEC"
2022-04-18,0.0,21.747755219574177,CASH,CASH,,,"BNB,LINK,VET,ZEC"
2022-04-19,0.0,21.747755219574177,CASH,CASH,,,"BNB,LINK,VET,ZEC"
2022-04-20,0.0,21.747755219574177,CASH,CASH,,,"BNB,LINK,VET,ZEC"
2022-04-21,0.0,21.747755219574177,CASH,CASH,,,"BNB,LINK,VET,ZEC"
2022-04-22,0.0,21.747755219574177,CASH,CASH,,,"BNB,LINK,VET,ZEC"
2022-04-23,0.0,21.747755219574177,CASH,CASH,,,
2022-04-24,0.0,21.747755219574177,CASH,CASH,,,"BNB,LINK,VET,ZEC"
2022-04-25,0.0,21.747755219574177,CASH,CASH,,,"BNB,LINK,VET,ZEC"
2022-04-26,0.0,21.747755219574177,CASH,CASH,,,"BNB,LINK,VET,ZEC"
2022-04-27,0.0,21.747755219574177,CASH,CASH,,,"BNB,LINK,VET,ZEC"
2022-04-28,0.0,21.747755219574177,CASH,CASH,,,"BNB,LINK,VET,ZEC"
2022-04-29,0.0,21.747755219574177,CASH,CASH,,,"BNB,LINK,VET,ZEC"
2022-04-30,0.0,21.747755219574177,CASH,CASH,,,
2022-05-01,0.0,21.747755219574177,CASH,CASH,,,"BNB,LINK,VET,ZEC"
2022-05-02,0.0,21.747755219574177,CASH,CASH,,,"BNB,LINK,VET,ZEC"
2022-05-03,0.0,21.747755219574177,CASH,CASH,,,"BNB,LINK,VET,ZEC"
2022-05-04,0.0,21.747755219574177,CASH,CASH,,,"BNB,LINK,VET,ZEC"
2022-05-05,0.0,21.747755219574177,CASH,CASH,,,"BNB,LINK,VET,ZEC"
2022-05-06,0.0,21.747755219574177,CASH,CASH,,,"BNB,LINK,VET,ZEC"
2022-05-07,0.0,21.747755219574177,CASH,CASH,,,
2022-05-08,0.0,21.747755219574177,CASH,CASH,,,"BNB,LINK,VET,ZEC"
2022-05-09,0.0,21.747755219574177,CASH,CASH,,,"BNB,LINK,VET,ZEC"
2022-05-10,0.0,21.747755219574177,CASH,CASH,,,"BNB,LINK,VET,ZEC"
2022-05-11,0.0,21.747755219574177,CASH,CASH,,,"BNB,LINK,VET,ZEC"
2022-05-12,0.0,21.747755219574177,CASH,CASH,,,"BNB,LINK,VET,ZEC"
2022-05-13,0.0,21.747755219574177,CASH,CASH,,,"BNB,LINK,VET,ZEC"
2022-05-14,0.0,21.747755219574177,CASH,CASH,,,
2022-05-15,0.0,21.747755219574177,CASH,CASH,,,"LINK,ZEC"
2022-05-16,0.0,21.747755219574177,CASH,CASH,,,"LINK,ZEC"
2022-05-17,0.0,21.747755219574177,CASH,CASH,,,"LINK,ZEC"
2022-05-18,0.0,21.747755219574177,CASH,CASH,,,"LINK,ZEC"
2022-05-19,0.0,21.747755219574177,CASH,CASH,,,"LINK,ZEC"
2022-05-20,0.0,21.747755219574177,CASH,CASH,,,"LINK,ZEC"
2022-05-21,0.0,21.747755219574177,CASH,CASH,,,
2022-05-22,0.0,21.747755219574177,CASH,CASH,,,LINK
2022-05-23,0.0,21.747755219574177,CASH,CASH,,,LINK
2022-05-24,0.0,21.747755219574177,CASH,CASH,,,LINK
2022-05-25,0.0,21.747755219574177,CASH,CASH,,,LINK
2022-05-26,0.0,21.747755219574177,CASH,CASH,,,LINK
2022-05-27,0.0,21.747755219574177,CASH,CASH,,,LINK
2022-05-28,0.0,21.747755219574177,CASH,CASH,,,
2022-05-29,0.0,21.747755219574177,CASH,CASH,,,
2022-05-30,0.0,21.747755219574177,CASH,CASH,,,
2022-05-31,0.0,21.747755219574177,CASH,CASH,,,
2022-06-01,0.0,21.747755219574177,CASH,CASH,,,
2022-06-02,0.0,21.747755219574177,CASH,CASH,,,
2022-06-03,0.0,21.747755219574177,CASH,CASH,,,
2022-06-04,0.0,21.747755219574177,CASH,CASH,,,
2022-06-05,0.0,21.747755219574177,CASH,CASH,,,
2022-06-06,0.0,21.747755219574177,CASH,CASH,,,
2022-06-07,0.0,21.747755219574177,CASH,CASH,,,
2022-06-08,0.0,21.747755219574177,CASH,CASH,,,
2022-06-09,0.0,21.747755219574177,CASH,CASH,,,
2022-06-10,0.0,21.747755219574177,CASH,CASH,,,
2022-06-11,0.0,21.747755219574177,CASH,CASH,,,
2022-06-12,0.0,21.747755219574177,CASH,CASH,,,
2022-06-13,0.0,21.747755219574177,CASH,CASH,,,
2022-06-14,0.0,21.747755219574177,CASH,CASH,,,
2022-06-15,0.0,21.747755219574177,CASH,CASH,,,
2022-06-16,0.0,21.747755219574177,CASH,CASH,,,
2022-06-17,0.0,21.747755219574177,CASH,CASH,,,
2022-06-18,0.0,21.747755219574177,CASH,CASH,,,
2022-06-19,0.0,21.747755219574177,CASH,CASH,,,
2022-06-20,0.0,21.747755219574177,CASH,CASH,,,
2022-06-21,0.0,21.747755219574177,CASH,CASH,,,
2022-06-22,0.0,21.747755219574177,CASH,CASH,,,
2022-06-23,0.0,21.747755219574177,CASH,CASH,,,
2022-06-24,0.0,21.747755219574177,CASH,CASH,,,
2022-06-25,0.0,21.747755219574177,CASH,CASH,,,
2022-06-26,0.0,21.747755219574177,CASH,CASH,,,
2022-06-27,0.0,21.747755219574177,CASH,CASH,,,
2022-06-28,0.0,21.747755219574177,CASH,CASH,,,
2022-06-29,0.0,21.747755219574177,CASH,CASH,,,
2022-06-30,0.0,21.747755219574177,CASH,CASH,,,
2022-07-01,0.0,21.747755219574177,CASH,CASH,,,
2022-07-02,0.0,21.747755219574177,CASH,CASH,,,
2022-07-03,0.0,21.747755219574177,CASH,CASH,,,
2022-07-04,0.0,21.747755219574177,CASH,CASH,,,
2022-07-05,0.0,21.747755219574177,CASH,CASH,,,
2022-07-06,0.0,21.747755219574177,CASH,CASH,,,
2022-07-07,0.0,21.747755219574177,CASH,CASH,,,
2022-07-08,0.0,21.747755219574177,CASH,CASH,,,
2022-07-09,0.0,21.747755219574177,CASH,CASH,,,
2022-07-10,0.0,21.747755219574177,CASH,CASH,,,
2022-07-11,0.0,21.747755219574177,CASH,CASH,,,
2022-07-12,0.0,21.747755219574177,CASH,CASH,,,
2022-07-13,0.0,21.747755219574177,CASH,CASH,,,
2022-07-14,0.0,21.747755219574177,CASH,CASH,,,
2022-07-15,0.0,21.747755219574177,CASH,CASH,,,
2022-07-16,0.0,21.747755219574177,CASH,CASH,,,
2022-07-17,0.0,21.747755219574177,CASH,CASH,,,
2022-07-18,0.0,21.747755219574177,CASH,CASH,,,
2022-07-19,0.0,21.747755219574177,CASH,CASH,,,
2022-07-20,0.0,21.747755219574177,CASH,CASH,,,
2022-07-21,0.0,21.747755219574177,CASH,CASH,,,
2022-07-22,0.0,21.747755219574177,CASH,CASH,,,
2022-07-23,0.0,21.747755219574177,CASH,CASH,,,
2022-07-24,0.0,21.747755219574177,CASH,CASH,,,
2022-07-25,0.0,21.747755219574177,CASH,CASH,,,
2022-07-26,0.0,21.747755219574177,CASH,CASH,,,
2022-07-27,0.0,21.747755219574177,CASH,CASH,,,
2022-07-28,0.0,21.747755219574177,CASH,CASH,,,
2022-07-29,0.0,21.747755219574177,CASH,CASH,,,
2022-07-30,0.0,21.747755219574177,CASH,CASH,,,
2022-07-31,0.0,21.747755219574177,CASH,CASH,,,
2022-08-01,0.0,21.747755219574177,CASH,CASH,,,
2022-08-02,0.0,21.747755219574177,CASH,CASH,,,
2022-08-03,0.0,21.747755219574177,CASH,CASH,,,
2022-08-04,0.0,21.747755219574177,CASH,CASH,,,
2022-08-05,0.0,21.747755219574177,CASH,CASH,,,
2022-08-06,0.0,21.747755219574177,CASH,CASH,,,
2022-08-07,0.0,21.747755219574177,CASH,CASH,,,
2022-08-08,0.0,21.747755219574177,CASH,CASH,,,
2022-08-09,0.0,21.747755219574177,CASH,CASH,,,
2022-08-10,0.0,21.747755219574177,CASH,CASH,,,
2022-08-11,0.0,21.747755219574177,CASH,CASH,,,
2022-08-12,0.0,21.747755219574177,CASH,CASH,,,
2022-08-13,0.0,21.747755219574177,CASH,CASH,,,
2022-08-14,0.0,21.747755219574177,CASH,CASH,,,
2022-08-15,0.0,21.747755219574177,CASH,CASH,,,
2022-08-16,0.0,21.747755219574177,CASH,CASH,,,
2022-08-17,0.0,21.747755219574177,CASH,CASH,,,
2022-08-18,0.0,21.747755219574177,CASH,CASH,,,
2022-08-19,0.0,21.747755219574177,CASH,CASH,,,
2022-08-20,0.0,21.747755219574177,CASH,CASH,,,
2022-08-21,0.0,21.747755219574177,CASH,CASH,,,TWT
2022-08-22,0.0,21.747755219574177,CASH,CASH,,,TWT
2022-08-23,0.0,21.747755219574177,CASH,CASH,,,TWT
2022-08-24,0.0,21.747755219574177,CASH,CASH,,,TWT
2022-08-25,0.0,21.747755219574177,CASH,CASH,,,TWT
2022-08-26,0.0,21.747755219574177,CASH,CASH,,,TWT
2022-08-27,0.0,21.747755219574177,CASH,CASH,,,
2022-08-28,0.0,21.747755219574177,CASH,CASH,TWT,TWT,TWT
2022-08-29,0.0,21.747755219574177,CASH,CASH,TWT,TWT,TWT
2022-08-30,0.0,21.747755219574177,CASH,CASH,TWT,TWT,TWT
2022-08-31,0.0,21.747755219574177,CASH,CASH,TWT,TWT,TWT
2022-09-01,0.0,21.747755219574177,CASH,CASH,TWT,TWT,TWT
2022-09-02,0.0,21.747755219574177,CASH,CASH,TWT,TWT,TWT
2022-09-03,0.0,21.747755219574177,CASH,CASH,,,
2022-09-04,0.0,21.747755219574177,CASH,CASH,TWT,TWT,TWT
2022-09-05,0.0,21.747755219574177,CASH,CASH,TWT,TWT,TWT
2022-09-06,0.0,21.747755219574177,CASH,CASH,TWT,TWT,TWT
2022-09-07,0.0,21.747755219574177,CASH,CASH,TWT,TWT,TWT
2022-09-08,0.0,21.747755219574177,CASH,CASH,TWT,TWT,TWT
2022-09-09,0.0,21.747755219574177,CASH,CASH,TWT,TWT,TWT
2022-09-10,0.0,21.747755219574177,CASH,CASH,,,
2022-09-11,0.0,21.747755219574177,CASH,CASH,TWT,TWT,TWT
2022-09-12,0.0,21.747755219574177,CASH,CASH,TWT,TWT,TWT
2022-09-13,0.0,21.747755219574177,CASH,CASH,TWT,TWT,TWT
2022-09-14,0.0,21.747755219574177,CASH,CASH,TWT,TWT,TWT
2022-09-15,0.0,21.747755219574177,CASH,CASH,TWT,TWT,TWT
2022-09-16,0.0,21.747755219574177,CASH,CASH,TWT,TWT,TWT
2022-09-17,0.0,21.747755219574177,CASH,CASH,,,
2022-09-18,0.0,21.747755219574177,CASH,CASH,,,"NEXO,TWT"
2022-09-19,0.0,21.747755219574177,CASH,CASH,,,"NEXO,TWT"
2022-09-20,0.0,21.747755219574177,CASH,CASH,,,"NEXO,TWT"
2022-09-21,0.0,21.747755219574177,CASH,CASH,,,"NEXO,TWT"
2022-09-22,0.0,21.747755219574177,CASH,CASH,,,"NEXO,TWT"
2022-09-23,0.0,21.747755219574177,CASH,CASH,,,"NEXO,TWT"
2022-09-24,0.0,21.747755219574177,CASH,CASH,,,
2022-09-25,0.0,21.747755219574177,CASH,CASH,NEXO,NEXO,NEXO
2022-09-26,0.0,21.747755219574177,CASH,CASH,NEXO,NEXO,NEXO
2022-09-27,0.0,21.747755219574177,CASH,CASH,NEXO,NEXO,NEXO
2022-09-28,0.0,21.747755219574177,CASH,CASH,NEXO,NEXO,NEXO
2022-09-29,0.0,21.747755219574177,CASH,CASH,NEXO,NEXO,NEXO
2022-09-30,0.0,21.747755219574177,CASH,CASH,NEXO,NEXO,NEXO
2022-10-01,0.0,21.747755219574177,CASH,CASH,,,
2022-10-02,0.0,21.747755219574177,CASH,CASH,NEXO,NEXO,NEXO
2022-10-03,0.0,21.747755219574177,CASH,CASH,NEXO,NEXO,NEXO
2022-10-04,0.0,21.747755219574177,CASH,CASH,NEXO,NEXO,NEXO
2022-10-05,0.0,21.747755219574177,CASH,CASH,NEXO,NEXO,NEXO
2022-10-06,0.0,21.747755219574177,CASH,CASH,NEXO,NEXO,NEXO
2022-10-07,0.0,21.747755219574177,CASH,CASH,NEXO,NEXO,NEXO
2022-10-08,0.0,21.747755219574177,CASH,CASH,,,
2022-10-09,0.0,21.747755219574177,CASH,CASH,NEXO,NEXO,"CAKE,NEXO,TWT,XRP"
2022-10-10,0.0,21.747755219574177,CASH,CASH,NEXO,NEXO,"CAKE,NEXO,TWT,XRP"
2022-10-11,0.0,21.747755219574177,CASH,CASH,NEXO,NEXO,"CAKE,NEXO,TWT,XRP"
2022-10-12,0.0,21.747755219574177,CASH,CASH,NEXO,NEXO,"CAKE,NEXO,TWT,XRP"
2022-10-13,0.0,21.747755219574177,CASH,CASH,NEXO,NEXO,"CAKE,NEXO,TWT,XRP"
2022-10-14,0.0,21.747755219574177,CASH,CASH,NEXO,NEXO,"CAKE,NEXO,TWT,XRP"
2022-10-15,0.0,21.747755219574177,CASH,CASH,,,
2022-10-16,0.0,21.747755219574177,CASH,CASH,XRP,XRP,"CAKE,NEXO,QNT,TWT,XRP"
2022-10-17,0.0,21.747755219574177,CASH,CASH,XRP,XRP,"CAKE,NEXO,QNT,TWT,XRP"
2022-10-18,0.0,21.747755219574177,CASH,CASH,XRP,XRP,"CAKE,NEXO,QNT,TWT,XRP"
2022-10-19,0.0,21.747755219574177,CASH,CASH,XRP,XRP,"CAKE,NEXO,QNT,TWT,XRP"
2022-10-20,0.0,21.747755219574177,CASH,CASH,XRP,XRP,"CAKE,NEXO,QNT,TWT,XRP"
2022-10-21,0.0,21.747755219574177,CASH,CASH,XRP,XRP,"CAKE,NEXO,QNT,TWT,XRP"
2022-10-22,0.0,21.747755219574177,CASH,CASH,,,
2022-10-23,0.0,21.747755219574177,CASH,CASH,XRP,XRP,"CAKE,NEXO,QNT,TWT,XRP"
2022-10-24,0.0,21.747755219574177,CASH,CASH,XRP,XRP,"CAKE,NEXO,QNT,TWT,XRP"
2022-10-25,0.0,21.747755219574177,CASH,CASH,XRP,XRP,"CAKE,NEXO,QNT,TWT,XRP"
2022-10-26,0.0,21.747755219574177,CASH,CASH,XRP,XRP,"CAKE,NEXO,QNT,TWT,XRP"
2022-10-27,0.0,21.747755219574177,CASH,CASH,XRP,XRP,"CAKE,NEXO,QNT,TWT,XRP"
2022-10-28,0.0,21.747755219574177,CASH,CASH,XRP,XRP,"CAKE,NEXO,QNT,TWT,XRP"
2022-10-29,0.0,21.747755219574177,CASH,CASH,,,
2022-10-30,0.0,21.747755219574177,CASH,CASH,QNT,QNT,"CAKE,NEXO,QNT,TWT,XRP"
2022-10-31,0.0,21.747755219574177,CASH,CASH,QNT,QNT,"CAKE,NEXO,QNT,TWT,XRP"
2022-11-01,0.0,21.747755219574177,CASH,CASH,QNT,QNT,"CAKE,NEXO,QNT,TWT,XRP"
2022-11-02,0.0,21.747755219574177,CASH,CASH,QNT,QNT,"CAKE,NEXO,QNT,TWT,XRP"
2022-11-03,0.0,21.747755219574177,CASH,CASH,QNT,QNT,"CAKE,NEXO,QNT,TWT,XRP"
2022-11-04,0.0,21.747755219574177,CASH,CASH,QNT,QNT,"CAKE,NEXO,QNT,TWT,XRP"
2022-11-05,0.0,21.747755219574177,BASE,0.0,,,
2022-11-06,0.0,21.747755219574177,BASE,0.0,QNT,QNT,"CAKE,NEXO,QNT,TWT,XRP"
2022-11-07,0.0,21.747755219574177,BASE,0.0,QNT,QNT,"CAKE,NEXO,QNT,TWT,XRP"
2022-11-08,0.0,21.747755219574177,BASE,0.0,QNT,QNT,"CAKE,NEXO,QNT,TWT,XRP"
2022-11-09,0.0,21.747755219574177,CASH,CASH,QNT,QNT,"CAKE,NEXO,QNT,TWT,XRP"
2022-11-10,0.0,21.747755219574177,CASH,CASH,QNT,QNT,"CAKE,NEXO,QNT,TWT,XRP"
2022-11-11,0.0,21.747755219574177,CASH,CASH,QNT,QNT,"CAKE,NEXO,QNT,TWT,XRP"
2022-11-12,0.0,21.747755219574177,CASH,CASH,,,
2022-11-13,0.0,21.747755219574177,CASH,CASH,QNT,QNT,"QNT,TWT,XRP"
2022-11-14,0.0,21.747755219574177,CASH,CASH,QNT,QNT,"QNT,TWT,XRP"
2022-11-15,0.0,21.747755219574177,CASH,CASH,QNT,QNT,"QNT,TWT,XRP"
2022-11-16,0.0,21.747755219574177,CASH,CASH,QNT,QNT,"QNT,TWT,XRP"
2022-11-17,0.0,21.747755219574177,CASH,CASH,QNT,QNT,"QNT,TWT,XRP"
2022-11-18,0.0,21.747755219574177,CASH,CASH,QNT,QNT,"QNT,TWT,XRP"
2022-11-19,0.0,21.747755219574177,CASH,CASH,,,
2022-11-20,0.0,21.747755219574177,CASH,CASH,TWT,TWT,"QNT,TWT,XRP"
2022-11-21,0.0,21.747755219574177,CASH,CASH,TWT,TWT,"QNT,TWT,XRP"
2022-11-22,0.0,21.747755219574177,CASH,CASH,TWT,TWT,"QNT,TWT,XRP"
2022-11-23,0.0,21.747755219574177,CASH,CASH,TWT,TWT,"QNT,TWT,XRP"
2022-11-24,0.0,21.747755219574177,CASH,CASH,TWT,TWT,"QNT,TWT,XRP"
2022-11-25,0.0,21.747755219574177,CASH,CASH,TWT,TWT,"QNT,TWT,XRP"
2022-11-26,0.0,21.747755219574177,CASH,CASH,,,
2022-11-27,0.0,21.747755219574177,CASH,CASH,TWT,TWT,"QNT,TWT,XRP"
2022-11-28,0.0,21.747755219574177,CASH,CASH,TWT,TWT,"QNT,TWT,XRP"
2022-11-29,0.0,21.747755219574177,CASH,CASH,TWT,TWT,"QNT,TWT,XRP"
2022-11-30,0.0,21.747755219574177,CASH,CASH,TWT,TWT,"QNT,TWT,XRP"
2022-12-01,0.0,21.747755219574177,CASH,CASH,TWT,TWT,"QNT,TWT,XRP"
2022-12-02,0.0,21.747755219574177,CASH,CASH,TWT,TWT,"QNT,TWT,XRP"
2022-12-03,0.0,21.747755219574177,CASH,CASH,,,
2022-12-04,0.0,21.747755219574177,CASH,CASH,TWT,TWT,"CAKE,QNT,TWT,XRP"
2022-12-05,0.0,21.747755219574177,CASH,CASH,TWT,TWT,"CAKE,QNT,TWT,XRP"
2022-12-06,0.0,21.747755219574177,CASH,CASH,TWT,TWT,"CAKE,QNT,TWT,XRP"
2022-12-07,0.0,21.747755219574177,CASH,CASH,TWT,TWT,"CAKE,QNT,TWT,XRP"
2022-12-08,0.0,21.747755219574177,CASH,CASH,TWT,TWT,"CAKE,QNT,TWT,XRP"
2022-12-09,0.0,21.747755219574177,CASH,CASH,TWT,TWT,"CAKE,QNT,TWT,XRP"
2022-12-10,0.0,21.747755219574177,CASH,CASH,,,
2022-12-11,0.0,21.747755219574177,CASH,CASH,TWT,TWT,"CAKE,QNT,TWT,XRP"
2022-12-12,0.0,21.747755219574177,CASH,CASH,TWT,TWT,"CAKE,QNT,TWT,XRP"
2022-12-13,0.0,21.747755219574177,CASH,CASH,TWT,TWT,"CAKE,QNT,TWT,XRP"
2022-12-14,0.0,21.747755219574177,CASH,CASH,TWT,TWT,"CAKE,QNT,TWT,XRP"
2022-12-15,0.0,21.747755219574177,CASH,CASH,TWT,TWT,"CAKE,QNT,TWT,XRP"
2022-12-16,0.0,21.747755219574177,CASH,CASH,TWT,TWT,"CAKE,QNT,TWT,XRP"
2022-12-17,0.0,21.747755219574177,CASH,CASH,,,
2022-12-18,0.0,21.747755219574177,CASH,CASH,TWT,TWT,"CAKE,QNT,TWT,XRP"
2022-12-19,0.0,21.747755219574177,CASH,CASH,TWT,TWT,"CAKE,QNT,TWT,XRP"
2022-12-20,0.0,21.747755219574177,CASH,CASH,TWT,TWT,"CAKE,QNT,TWT,XRP"
2022-12-21,0.0,21.747755219574177,CASH,CASH,TWT,TWT,"CAKE,QNT,TWT,XRP"
2022-12-22,0.0,21.747755219574177,CASH,CASH,TWT,TWT,"CAKE,QNT,TWT,XRP"
2022-12-23,0.0,21.747755219574177,CASH,CASH,TWT,TWT,"CAKE,QNT,TWT,XRP"
2022-12-24,0.0,21.747755219574177,CASH,CASH,,,
2022-12-25,0.0,21.747755219574177,CASH,CASH,TWT,TWT,"CAKE,QNT,TWT,XRP"
2022-12-26,0.0,21.747755219574177,CASH,CASH,TWT,TWT,"CAKE,QNT,TWT,XRP"
2022-12-27,0.0,21.747755219574177,CASH,CASH,TWT,TWT,"CAKE,QNT,TWT,XRP"
2022-12-28,0.0,21.747755219574177,CASH,CASH,TWT,TWT,"CAKE,QNT,TWT,XRP"
2022-12-29,0.0,21.747755219574177,CASH,CASH,TWT,TWT,"CAKE,QNT,TWT,XRP"
2022-12-30,0.0,21.747755219574177,CASH,CASH,TWT,TWT,"CAKE,QNT,TWT,XRP"
2022-12-31,0.0,21.747755219574177,CASH,CASH,,,
2023-01-01,0.0,21.747755219574177,CASH,CASH,,,"CAKE,QNT,TWT,XRP"
2023-01-02,0.0,21.747755219574177,CASH,CASH,,,"CAKE,QNT,TWT,XRP"
2023-01-03,0.0,21.747755219574177,CASH,CASH,,,"CAKE,QNT,TWT,XRP"
2023-01-04,0.0,21.747755219574177,CASH,CASH,,,"CAKE,QNT,TWT,XRP"
2023-01-05,0.0,21.747755219574177,CASH,CASH,,,"CAKE,QNT,TWT,XRP"
2023-01-06,0.0,21.747755219574177,CASH,CASH,,,"CAKE,QNT,TWT,XRP"
2023-01-07,0.0,21.747755219574177,CASH,CASH,,,
2023-01-08,0.0,21.747755219574177,CASH,CASH,,,"CAKE,QNT,TWT,XRP"
2023-01-09,0.0,21.747755219574177,CASH,CASH,,,"CAKE,QNT,TWT,XRP"
2023-01-10,0.0,21.747755219574177,CASH,CASH,,,"CAKE,QNT,TWT,XRP"
2023-01-11,0.0,21.747755219574177,CASH,CASH,,,"CAKE,QNT,TWT,XRP"
2023-01-12,0.0,21.747755219574177,CASH,CASH,,,"CAKE,QNT,TWT,XRP"
2023-01-13,0.0171709961730253,22.121185841221376,BASE,0.0,,,"CAKE,QNT,TWT,XRP"
2023-01-14,-0.0053506375227685,22.0028233942112,BASE,0.3066433832692925,,,
2023-01-15,-0.0167105413757584,21.63514430349873,BASE,0.0140927453420983,,,"CAKE,QNT,TWT,XRP"
2023-01-16,0.0129204981957862,21.914681146437662,BASE,0.0468547091346048,,,"CAKE,QNT,TWT,XRP"
2023-01-17,-0.05056308894507,20.806607174427487,BASE,0.0118558266493618,,,"CAKE,QNT,TWT,XRP"
2023-01-18,-0.0216391819940656,20.356369215101022,BTC,BTC,,,"CAKE,QNT,TWT,XRP"
2023-01-19,0.0190603589317261,20.744368918887588,BTC,BTC,,,"CAKE,QNT,TWT,XRP"
2023-01-20,0.0757237588620507,22.315210508646853,BTC,BTC,,,"CAKE,QNT,TWT,XRP"
2023-01-21,0.0051325240292035,22.429743862799217,BTC,BTC,,,
2023-01-22,-0.0033212559061251,22.35524894352202,BTC,BTC,,,"CAKE,QNT,TWT,XRP"
2023-01-23,0.009184917306239,22.56058005642866,BTC,BTC,,,"CAKE,QNT,TWT,XRP"
2023-01-24,-0.0123736442599093,22.281423464513207,BTC,BTC,,,"CAKE,QNT,TWT,XRP"
2023-01-25,0.0189127415897836,22.702826268750087,BTC,BTC,,,"CAKE,QNT,TWT,XRP"
2023-01-26,-0.0022241070832323,22.65233275203637,BTC,BTC,,,"CAKE,QNT,TWT,XRP"
2023-01-27,0.0028036063130034,22.715840975144232,BTC,BTC,,,"CAKE,QNT,TWT,XRP"
2023-01-28,-0.0022345342148967,22.66508165126512,BTC,BTC,,,
2023-01-29,-0.0365879375790807,21.835813058583863,BASE,0.0285941507750639,,,"CAKE,QNT,TWT,XRP"
2023-01-30,0.0297690708109885,22.485844923740355,BASE,0.0174959184870614,,,"CAKE,QNT,TWT,XRP"
2023-01-31,0.0663194813476457,23.97709449674641,BASE,0.0579303747021948,,,"CAKE,QNT,TWT,XRP"
2023-02-01,-0.0168444134356622,23.57321440405727,BASE,0.0,,,"CAKE,QNT,TWT,XRP"
2023-02-02,0.0123682076236817,23.864772814164215,BASE,0.0373491452968611,,,"CAKE,QNT,TWT,XRP"
2023-02-03,-0.0135189264970958,23.54214670461964,BASE,0.0587001096619668,,,"CAKE,QNT,TWT,XRP"
2023-02-04,-0.0190843569180795,23.09285997429089,BASE,0.0430034847667613,,,
2023-02-05,-0.0072441270826864,22.925572361934442,BASE,0.0233136802263503,,,"CAKE,TWT,XRP"
2023-02-06,0.0513916397373084,24.10375511753057,BASE,0.0,,,"CAKE,TWT,XRP"
2023-02-07,-0.0162601626016259,23.711824140009753,BASE,0.0174411289722695,,,"CAKE,TWT,XRP"
2023-02-08,-0.0722636565208626,21.99832102487299,BASE,0.0342014732295717,,,"CAKE,TWT,XRP"
2023-02-09,-0.0015000000000001,21.96532354333568,BASE,0.0509632080903694,,,"CAKE,TWT,XRP"
2023-02-10,0.0,21.96532354333568,BASE,0.0,,,"CAKE,TWT,XRP"
2023-02-11,-0.0202738650827321,21.520001537319533,BASE,0.0,,,
2023-02-12,-0.005958055290752995,21.391784178303094,CANDIDATE,CAKE,CAKE,CAKE,"CAKE,GRT,NEO,STX,TWT,VET"
2023-02-13,-0.056101654279549384,20.191669697909198,CANDIDATE,CAKE,CAKE,CAKE,"CAKE,GRT,NEO,STX,TWT,VET"
2023-02-14,0.00609601219202438,20.31475836256498,CANDIDATE,CAKE,CAKE,CAKE,"CAKE,GRT,NEO,STX,TWT,VET"
2023-02-15,-0.0415288854308497,19.471109089970625,BASE,0.0261745826714321,CAKE,CAKE,"CAKE,GRT,NEO,STX,TWT,VET"
2023-02-16,-0.05850563909774453,18.33193940871999,CANDIDATE,CAKE,CAKE,CAKE,"CAKE,GRT,NEO,STX,TWT,VET"
2023-02-17,0.041677065136012104,19.09596084152664,CANDIDATE,CAKE,CAKE,CAKE,"CAKE,GRT,NEO,STX,TWT,VET"
2023-02-18,-0.0228663123056862,18.659306637147136,BASE,0.0484088113871197,,,
2023-02-19,-0.0146228780100642,18.386453872439752,BTC,BTC,GRT,GRT,"DASH,DOT,GRT,NEO,STX,TWT"
2023-02-20,0.0235022099757085,18.81857617205851,BTC,BTC,GRT,GRT,"DASH,DOT,GRT,NEO,STX,TWT"
2023-02-21,-0.0157007028363027,18.523111299778694,BTC,BTC,GRT,GRT,"DASH,DOT,GRT,NEO,STX,TWT"
2023-02-22,-0.0072418136020149,18.38897038041632,BASE,0.0,GRT,GRT,"DASH,DOT,GRT,NEO,STX,TWT"
2023-02-23,-0.0321387038799028,17.797972706703817,BASE,0.0354911332858299,GRT,GRT,"DASH,DOT,GRT,NEO,STX,TWT"
2023-02-24,0.0174767886400875,18.109024113920924,BASE,0.012677140467642,GRT,GRT,"DASH,DOT,GRT,NEO,STX,TWT"
2023-02-25,0.0227589908749328,18.521167228483588,BASE,0.0,,,
2023-02-26,-0.0125957804135614,18.28787867307076,BASE,0.0165794087674453,GRT,GRT,"DASH,GRT,ICP,NEO,STX,TWT"
2023-02-27,-0.0028702030402889,18.235388748102878,BASE,0.0141835020330374,GRT,GRT,"DASH,GRT,ICP,NEO,STX,TWT"
2023-02-28,0.0424307036247333,19.00912912355543,BASE,0.0,GRT,GRT,"DASH,GRT,ICP,NEO,STX,TWT"
2023-03-01,-0.0244426263039475,18.54449608402488,BASE,0.0049633200027854,GRT,GRT,"DASH,GRT,ICP,NEO,STX,TWT"
2023-03-02,-0.0506342383897685,17.605509648488233,BASE,0.0227244132455285,GRT,GRT,"DASH,GRT,ICP,NEO,STX,TWT"
2023-03-03,-0.0014999999999998,17.579101384015505,BASE,0.0511644610832996,GRT,GRT,"DASH,GRT,ICP,NEO,STX,TWT"
2023-03-04,0.0,17.579101384015505,BASE,0.0,,,
2023-03-05,0.0,17.579101384015505,BASE,0.0,STX,STX,"DASH,GRT,ICP,NEO,STX,TWT"
2023-03-06,0.0,17.579101384015505,BASE,0.0,STX,STX,"DASH,GRT,ICP,NEO,STX,TWT"
2023-03-07,0.0,17.579101384015505,BASE,0.0,STX,STX,"DASH,GRT,ICP,NEO,STX,TWT"
2023-03-08,0.0,17.579101384015505,BASE,0.0,STX,STX,"DASH,GRT,ICP,NEO,STX,TWT"
2023-03-09,0.0,17.579101384015505,BASE,0.0,STX,STX,"DASH,GRT,ICP,NEO,STX,TWT"
2023-03-10,0.0,17.579101384015505,BASE,0.0,STX,STX,"DASH,GRT,ICP,NEO,STX,TWT"
2023-03-11,0.0,17.579101384015505,BASE,0.0,,,
2023-03-12,0.0,17.579101384015505,BASE,0.0,STX,STX,"DASH,GRT,NEO,STX,TWT,XTZ"
2023-03-13,0.0,17.579101384015505,BASE,0.0,STX,STX,"DASH,GRT,NEO,STX,TWT,XTZ"
2023-03-14,0.0,17.579101384015505,BASE,0.0,STX,STX,"DASH,GRT,NEO,STX,TWT,XTZ"
2023-03-15,-0.0155956062343511,17.304944640876663,BTC,BTC,STX,STX,"DASH,GRT,NEO,STX,TWT,XTZ"
2023-03-16,0.0293638303426795,17.813084099400825,BTC,BTC,STX,STX,"DASH,GRT,NEO,STX,TWT,XTZ"
2023-03-17,0.0958586779034817,19.52062279055292,BTC,BTC,STX,STX,"DASH,GRT,NEO,STX,TWT,XTZ"
2023-03-18,-0.0178002440579767,19.173150940717374,BTC,BTC,,,
2023-03-19,0.0395941799105006,19.932296128515322,BTC,BTC,STX,STX,"DASH,ICP,NEO,STX,TWT,XTZ"
2023-03-20,-0.0091467196608714,19.74998100363032,BTC,BTC,STX,STX,"DASH,ICP,NEO,STX,TWT,XTZ"
2023-03-21,0.0140152202564418,20.026781337456743,BTC,BTC,STX,STX,"DASH,ICP,NEO,STX,TWT,XTZ"
2023-03-22,-0.0304033342975584,19.417900409549944,BTC,BTC,STX,STX,"DASH,ICP,NEO,STX,TWT,XTZ"
2023-03-23,0.0383267091042998,20.162124629963028,BTC,BTC,STX,STX,"DASH,ICP,NEO,STX,TWT,XTZ"
2023-03-24,-0.0297200146596213,19.562905990391418,BTC,BTC,STX,STX,"DASH,ICP,NEO,STX,TWT,XTZ"
2023-03-25,0.0003088750210802,19.56894848339159,BTC,BTC,,,
2023-03-26,0.0183920518371114,19.928861598295892,BTC,BTC,STX,STX,"DASH,ICP,NEO,STX,TWT,XTZ"
2023-03-27,-0.0301465422151347,19.32807533082329,BTC,BTC,STX,STX,"DASH,ICP,NEO,STX,TWT,XTZ"
2023-03-28,0.0050197401576632,19.425097246731763,BTC,BTC,STX,STX,"DASH,ICP,NEO,STX,TWT,XTZ"
2023-03-29,0.0398931516627922,20.200025597260122,BTC,BTC,STX,STX,"DASH,ICP,NEO,STX,TWT,XTZ"
2023-03-30,-0.011290504645732,19.97195711441035,BTC,BTC,STX,STX,"DASH,ICP,NEO,STX,TWT,XTZ"
2023-03-31,0.015585191231934,20.28322388531442,BTC,BTC,STX,STX,"DASH,ICP,NEO,STX,TWT,XTZ"
2023-04-01,-0.0004436971814163,20.27422427604647,BTC,BTC,,,
2023-04-02,-0.0098711090289052,20.07409519774114,BTC,BTC,NEO,NEO,"GRT,NEO,STX,SUN,TWT,XTZ"
2023-04-03,-0.0132000467132639,19.80911620340445,BTC,BTC,NEO,NEO,"GRT,NEO,STX,SUN,TWT,XTZ"
2023-04-04,0.0131464028776979,20.06953482566554,BTC,BTC,NEO,NEO,"GRT,NEO,STX,SUN,TWT,XTZ"
2023-04-05,0.000161190280155,20.072769839606668,BTC,BTC,NEO,NEO,"GRT,NEO,STX,SUN,TWT,XTZ"
2023-04-06,-0.0048345740736336,19.97572654695409,BTC,BTC,NEO,NEO,"GRT,NEO,STX,SUN,TWT,XTZ"
2023-04-07,-0.0045477212880726,19.88488251009179,BTC,BTC,NEO,NEO,"GRT,NEO,STX,SUN,TWT,XTZ"
2023-04-08,0.001148484949472,19.90771999837665,BTC,BTC,,,
2023-04-09,0.0137939279228072,20.182325653141685,BTC,BTC,,,"GRT,ICP,NEO,SHIB,STX,TWT"
2023-04-10,0.0463773171358605,21.118327770496652,BTC,BTC,,,"GRT,ICP,NEO,SHIB,STX,TWT"
2023-04-11,0.0189990059836677,21.519555006173377,BTC,BTC,,,"GRT,ICP,NEO,SHIB,STX,TWT"
2023-04-12,0.0162529731762539,21.869311756453634,BASE,0.0460257741797328,,,"GRT,ICP,NEO,SHIB,STX,TWT"
2023-04-13,0.040727416861745,22.759992332838184,BASE,0.0341547362381269,,,"GRT,ICP,NEO,SHIB,STX,TWT"
2023-04-14,-0.0044714498640469,22.658222168215808,BASE,0.0,,,"GRT,ICP,NEO,SHIB,STX,TWT"
2023-04-15,0.0134267674351862,22.962448847763223,BASE,0.0383084639412779,,,
2023-04-16,-0.0210839819320611,22.478308991141105,BASE,0.0442554559523336,,,"DEXE,GRT,ICP,NEO,STX,TWT"
2023-04-17,0.0142237222757954,22.798034215460614,BASE,0.0379406998299292,,,"DEXE,GRT,ICP,NEO,STX,TWT"
2023-04-18,-0.0807083432374613,20.95804264485983,BASE,0.0370017679202827,,,"DEXE,GRT,ICP,NEO,STX,TWT"
2023-04-19,0.0047835013161092,21.05829546943459,BASE,0.0630463165947431,,,"DEXE,GRT,ICP,NEO,STX,TWT"
2023-04-20,-0.0484822283296791,20.037342380251616,BASE,0.0,,,"DEXE,GRT,ICP,NEO,STX,TWT"
2023-04-21,-0.0014999999999999,20.00728636668124,BASE,0.058227591423046,,,"DEXE,GRT,ICP,NEO,STX,TWT"
2023-04-22,-0.0079882400648824,19.84746336013734,BASE,0.0,,,
2023-04-23,-0.010827067669173,19.632573531275703,BASE,0.0157166818197993,,,"DASH,GRT,ICP,NEO,STX,TWT"
2023-04-24,0.0257107705919068,20.137342125467075,BASE,0.0288097766028906,,,"DASH,GRT,ICP,NEO,STX,TWT"
2023-04-25,0.0040458234558116,20.218814256575993,BASE,0.0132514043489917,,,"DASH,GRT,ICP,NEO,STX,TWT"
2023-04-26,0.0372151753510168,20.971260974524107,BASE,0.0134446708407662,,,"DASH,GRT,ICP,NEO,STX,TWT"
2023-04-27,-0.0054650445139701,20.85665209978425,BASE,0.0121269299121407,,,"DASH,GRT,ICP,NEO,STX,TWT"
2023-04-28,-0.0027719306624999,20.798838906311765,BASE,0.0506956759514981,,,"DASH,GRT,ICP,NEO,STX,TWT"
2023-04-29,9.442208382015592e-05,20.800802776022337,BASE,0.0233685215715907,,,
2023-04-30,-0.03985022513778,19.971886102351288,BASE,0.048367833274987,,,"DASH,GRT,ICP,NEO,STX,TWT"
2023-05-01,0.018494158068093,20.341249320846124,BASE,0.0604073530984532,,,"DASH,GRT,ICP,NEO,STX,TWT"
2023-05-02,0.0187371663244353,20.722386692617626,BASE,0.0,,,"DASH,GRT,ICP,NEO,STX,TWT"
2023-05-03,-0.0094769159957776,20.52600237469967,BASE,0.0032343301126194,,,"DASH,GRT,ICP,NEO,STX,TWT"
2023-05-04,0.0231446805205326,21.001070142025785,BASE,0.0083536303021152,,,"DASH,GRT,ICP,NEO,STX,TWT"
2023-05-05,-0.0222808476083024,20.53314849858004,BASE,0.0387762920590728,,,"DASH,GRT,ICP,NEO,STX,TWT"
2023-05-06,-0.0144931052890646,20.23555941547412,BASE,0.0128335830848957,,,
2023-05-07,-0.0267783089049986,19.693685354581103,BASE,0.0164147963772223,ICP,ICP,"DASH,GRT,ICP,NEO,STX,TWT"
2023-05-08,-0.0014644659199047,19.664844623541992,BASE,0.0166627019685824,ICP,ICP,"DASH,GRT,ICP,NEO,STX,TWT"
2023-05-09,-0.0014999999999998,19.635347356606683,BASE,0.029646167116662,ICP,ICP,"DASH,GRT,ICP,NEO,STX,TWT"
2023-05-10,0.0,19.635347356606683,BASE,0.0,ICP,ICP,"DASH,GRT,ICP,NEO,STX,TWT"
2023-05-11,0.0,19.635347356606683,BASE,0.0,ICP,ICP,"DASH,GRT,ICP,NEO,STX,TWT"
2023-05-12,0.0,19.635347356606683,BASE,0.0,ICP,ICP,"DASH,GRT,ICP,NEO,STX,TWT"
2023-05-13,0.0,19.635347356606683,BASE,0.0,,,
2023-05-14,0.0,19.635347356606683,BASE,0.0,ICP,ICP,"DASH,GRT,ICP,NEO,SHIB,STX"
2023-05-15,0.0,19.635347356606683,BASE,0.0,ICP,ICP,"DASH,GRT,ICP,NEO,SHIB,STX"
2023-05-16,0.0,19.635347356606683,BASE,0.0,ICP,ICP,"DASH,GRT,ICP,NEO,SHIB,STX"
2023-05-17,0.0,19.635347356606683,BASE,0.0,ICP,ICP,"DASH,GRT,ICP,NEO,SHIB,STX"
2023-05-18,0.0,19.635347356606683,BASE,0.0,ICP,ICP,"DASH,GRT,ICP,NEO,SHIB,STX"
2023-05-19,0.0,19.635347356606683,BASE,0.0,ICP,ICP,"DASH,GRT,ICP,NEO,SHIB,STX"
2023-05-20,0.0,19.635347356606683,BASE,0.0,,,
2023-05-21,0.0,19.635347356606683,BASE,0.0,ICP,ICP,"DASH,GRT,ICP,NEO,SHIB,STX"
2023-05-22,0.0,19.635347356606683,BASE,0.0,ICP,ICP,"DASH,GRT,ICP,NEO,SHIB,STX"
2023-05-23,0.0,19.635347356606683,BASE,0.0,ICP,ICP,"DASH,GRT,ICP,NEO,SHIB,STX"
2023-05-24,0.0,19.635347356606683,BASE,0.0,ICP,ICP,"DASH,GRT,ICP,NEO,SHIB,STX"
2023-05-25,0.0,19.635347356606683,BASE,0.0,ICP,ICP,"DASH,GRT,ICP,NEO,SHIB,STX"
2023-05-26,0.0,19.635347356606683,BASE,0.0,ICP,ICP,"DASH,GRT,ICP,NEO,SHIB,STX"
2023-05-27,0.001869621565578,19.67205802547221,BASE,0.0,,,
2023-05-28,0.003369621565578,19.738345416434147,CANDIDATE,TRX,ICP,ICP,"DASH,GRT,ICP,NEO,STX,TRX"
2023-05-29,-0.0170498579178507,19.401809431550483,CANDIDATE,TRX,ICP,ICP,"DASH,GRT,ICP,NEO,STX,TRX"
2023-05-30,0.0032851511169513,19.46554730747542,CANDIDATE,TRX,ICP,ICP,"DASH,GRT,ICP,NEO,STX,TRX"
2023-05-31,-0.014800261951539,19.177452108294705,CANDIDATE,TRX,ICP,ICP,"DASH,GRT,ICP,NEO,STX,TRX"
2023-06-01,-0.0059824514756712,19.062723931629822,CANDIDATE,TRX,ICP,ICP,"DASH,GRT,ICP,NEO,STX,TRX"
2023-06-02,0.1055236057242208,21.074291295820796,CANDIDATE,TRX,ICP,ICP,"DASH,GRT,ICP,NEO,STX,TRX"
2023-06-03,-0.0047694753577106,20.973777982804165,BASE,0.0227033368610415,,,
2023-06-04,-0.0047694753577106,20.873744065557087,CANDIDATE,TRX,ICP,ICP,"DASH,GRT,ICP,NEO,STX,TRX"
2023-06-05,-0.037601376259523,20.08886256100309,CANDIDATE,TRX,ICP,ICP,"DASH,GRT,ICP,NEO,STX,TRX"
2023-06-06,-0.0014044943820225,20.060647866394937,CANDIDATE,TRX,ICP,ICP,"DASH,GRT,ICP,NEO,STX,TRX"
2023-06-07,-0.0186676895537655,19.686161919777668,CANDIDATE,TRX,ICP,ICP,"DASH,GRT,ICP,NEO,STX,TRX"
2023-06-08,0.0085993485342019,19.855450087426572,CANDIDATE,TRX,ICP,ICP,"DASH,GRT,ICP,NEO,STX,TRX"
2023-06-09,-0.0698876114197133,18.46780010715299,CANDIDATE,TRX,ICP,ICP,"DASH,GRT,ICP,NEO,STX,TRX"
2023-06-10,0.0,18.46780010715299,BASE,0.0,,,
2023-06-11,0.0,18.46780010715299,BASE,0.0,,,"DASH,GRT,NEO,SHIB,STX,XTZ"
2023-06-12,0.0,18.46780010715299,BASE,0.0,,,"DASH,GRT,NEO,SHIB,STX,XTZ"
2023-06-13,0.0,18.46780010715299,BASE,0.0,,,"DASH,GRT,NEO,SHIB,STX,XTZ"
2023-06-14,0.0,18.46780010715299,BASE,0.0,,,"DASH,GRT,NEO,SHIB,STX,XTZ"
2023-06-15,0.0,18.46780010715299,BASE,0.0,,,"DASH,GRT,NEO,SHIB,STX,XTZ"
2023-06-16,0.0,18.46780010715299,BASE,0.0,,,"DASH,GRT,NEO,SHIB,STX,XTZ"
2023-06-17,0.0,18.46780010715299,BASE,0.0,,,
2023-06-18,0.0,18.46780010715299,BASE,0.0,,,"DASH,GRT,ICP,NEO,SHIB,STX"
2023-06-19,0.0,18.46780010715299,BASE,0.0,,,"DASH,GRT,ICP,NEO,SHIB,STX"
2023-06-20,0.0,18.46780010715299,BASE,0.0,,,"DASH,GRT,ICP,NEO,SHIB,STX"
2023-06-21,0.0,18.46780010715299,BASE,0.0,,,"DASH,GRT,ICP,NEO,SHIB,STX"
2023-06-22,0.0,18.46780010715299,BASE,0.0,,,"DASH,GRT,ICP,NEO,SHIB,STX"
2023-06-23,0.0,18.46780010715299,BASE,0.0,,,"DASH,GRT,ICP,NEO,SHIB,STX"
2023-06-24,0.0,18.46780010715299,BASE,0.0,,,
2023-06-25,0.0,18.46780010715299,BASE,0.0,,,"DASH,GRT,ICP,NEO,SHIB,STX"
2023-06-26,0.0,18.46780010715299,BASE,0.0,,,"DASH,GRT,ICP,NEO,SHIB,STX"
2023-06-27,0.0,18.46780010715299,BASE,0.0,,,"DASH,GRT,ICP,NEO,SHIB,STX"
2023-06-28,0.0,18.46780010715299,BASE,0.0,,,"DASH,GRT,ICP,NEO,SHIB,STX"
2023-06-29,0.0,18.46780010715299,BASE,0.0,,,"DASH,GRT,ICP,NEO,SHIB,STX"
2023-06-30,0.0,18.46780010715299,BASE,0.0,,,"DASH,GRT,ICP,NEO,SHIB,STX"
2023-07-01,-0.0174202692208127,18.14608605737023,BASE,0.0,,,
2023-07-02,0.0010177892427556,18.16455494855754,BTC,BTC,,,"DASH,GRT,ICP,NEO,SHIB,STX"
2023-07-03,0.0176101339679257,18.484435194669388,BTC,BTC,,,"DASH,GRT,ICP,NEO,SHIB,STX"
2023-07-04,-0.0125076228808391,18.253238850089154,BTC,BTC,,,"DASH,GRT,ICP,NEO,SHIB,STX"
2023-07-05,-0.0085060021432393,18.097976761309237,BTC,BTC,,,"DASH,GRT,ICP,NEO,SHIB,STX"
2023-07-06,-0.0199765217354247,17.73644213516973,BTC,BTC,,,"DASH,GRT,ICP,NEO,SHIB,STX"
2023-07-07,0.0150280494376564,18.002986264425196,BTC,BTC,,,"DASH,GRT,ICP,NEO,SHIB,STX"
2023-07-08,-0.0019795878687217,17.967347771215376,BTC,BTC,,,
2023-07-09,-0.004091844608965,17.89382817610033,BTC,BTC,,,"DASH,GRT,ICP,NEO,SHIB,STX"
2023-07-10,0.0083174434554094,18.042659080155858,BTC,BTC,,,"DASH,GRT,ICP,NEO,SHIB,STX"
2023-07-11,0.0069226942245994,18.16756289196647,BTC,BTC,,,"DASH,GRT,ICP,NEO,SHIB,STX"
2023-07-12,-0.0079060547774318,18.023929144570143,BTC,BTC,,,"DASH,GRT,ICP,NEO,SHIB,STX"
2023-07-13,0.0353597761685318,18.66125124479962,BTC,BTC,,,"DASH,GRT,ICP,NEO,SHIB,STX"
2023-07-14,-0.0363137167878533,17.98359185218899,BTC,BTC,,,"DASH,GRT,ICP,NEO,SHIB,STX"
2023-07-15,-0.0007419501379155,17.970248923734044,BTC,BTC,,,
2023-07-16,-0.001899336800319,17.936117368642304,BTC,BTC,,,"DASH,GRT,ICP,NEO,STX,TRX"
2023-07-17,-0.0023758909591095,17.893503109544618,BASE,0.0855040014141603,,,"DASH,GRT,ICP,NEO,STX,TRX"
2023-07-18,0.0066432689897217,18.012374463869747,BASE,0.0572985923423479,,,"DASH,GRT,ICP,NEO,STX,TRX"
2023-07-19,0.0052297347777361,18.106574405033054,BASE,0.0473482466292523,,,"DASH,GRT,ICP,NEO,STX,TRX"
2023-07-20,-0.0037160906726122,18.039288732773553,BASE,0.2038808942895091,,,"DASH,GRT,ICP,NEO,STX,TRX"
2023-07-21,0.0431431058062914,18.817559675241842,BASE,0.0405328564613407,,,"DASH,GRT,ICP,NEO,STX,TRX"
2023-07-22,-0.0015000000000001,18.78933333572898,BASE,0.0,,,
2023-07-23,-0.0241700251889169,18.335194675721453,BASE,0.0,,,"DASH,GRT,ICP,NEO,STX,TRX"
2023-07-24,-0.0014999999999999,18.30769188370787,BASE,0.056096209032928,,,"DASH,GRT,ICP,NEO,STX,TRX"
2023-07-25,0.0,18.30769188370787,BASE,0.0,,,"DASH,GRT,ICP,NEO,STX,TRX"
2023-07-26,0.0,18.30769188370787,BASE,0.0,,,"DASH,GRT,ICP,NEO,STX,TRX"
2023-07-27,0.0,18.30769188370787,BASE,0.0,,,"DASH,GRT,ICP,NEO,STX,TRX"
2023-07-28,0.0,18.30769188370787,BASE,0.0,,,"DASH,GRT,ICP,NEO,STX,TRX"
2023-07-29,-0.0403127853881277,17.56965782984799,BASE,0.0,,,
2023-07-30,-0.0014999999999997,17.543303343103222,BASE,0.0471194946533034,,,"GRT,NEO,STX,TRX,UNI,XLM"
2023-07-31,0.0,17.543303343103222,BASE,0.0,,,"GRT,NEO,STX,TRX,UNI,XLM"
2023-08-01,0.0,17.543303343103222,BASE,0.0,,,"GRT,NEO,STX,TRX,UNI,XLM"
2023-08-02,0.0,17.543303343103222,BASE,0.0,,,"GRT,NEO,STX,TRX,UNI,XLM"
2023-08-03,0.0,17.543303343103222,BASE,0.0,,,"GRT,NEO,STX,TRX,UNI,XLM"
2023-08-04,0.0,17.543303343103222,BASE,0.0,,,"GRT,NEO,STX,TRX,UNI,XLM"
2023-08-05,0.0,17.543303343103222,BASE,0.0,,,
2023-08-06,0.0,17.543303343103222,BASE,0.0,XLM,XLM,"ICP,NEO,STX,UNI,XLM,XTZ"
2023-08-07,0.0,17.543303343103222,BASE,0.0,XLM,XLM,"ICP,NEO,STX,UNI,XLM,XTZ"
2023-08-08,0.0,17.543303343103222,BASE,0.0,XLM,XLM,"ICP,NEO,STX,UNI,XLM,XTZ"
2023-08-09,0.0,17.543303343103222,BASE,0.0,XLM,XLM,"ICP,NEO,STX,UNI,XLM,XTZ"
2023-08-10,0.0,17.543303343103222,BASE,0.0,XLM,XLM,"ICP,NEO,STX,UNI,XLM,XTZ"
2023-08-11,0.0,17.543303343103222,BASE,0.0,XLM,XLM,"ICP,NEO,STX,UNI,XLM,XTZ"
2023-08-12,0.0,17.543303343103222,BASE,0.0,,,
2023-08-13,0.0,17.543303343103222,BASE,0.0,XLM,XLM,"ICP,NEO,SHIB,STX,UNI,XLM"
2023-08-14,0.0,17.543303343103222,BASE,0.0,XLM,XLM,"ICP,NEO,SHIB,STX,UNI,XLM"
2023-08-15,0.0,17.543303343103222,BASE,0.0,XLM,XLM,"ICP,NEO,SHIB,STX,UNI,XLM"
2023-08-16,0.0,17.543303343103222,BASE,0.0,XLM,XLM,"ICP,NEO,SHIB,STX,UNI,XLM"
2023-08-17,0.0,17.543303343103222,BASE,0.0,XLM,XLM,"ICP,NEO,SHIB,STX,UNI,XLM"
2023-08-18,0.0,17.543303343103222,CASH,CASH,XLM,XLM,"ICP,NEO,SHIB,STX,UNI,XLM"
2023-08-19,0.0,17.543303343103222,CASH,CASH,,,
2023-08-20,0.0,17.543303343103222,CASH,CASH,XLM,XLM,"DCR,ICP,UNI,XLM,XRP,XTZ"
2023-08-21,0.0,17.543303343103222,CASH,CASH,XLM,XLM,"DCR,ICP,UNI,XLM,XRP,XTZ"
2023-08-22,0.0,17.543303343103222,CASH,CASH,XLM,XLM,"DCR,ICP,UNI,XLM,XRP,XTZ"
2023-08-23,0.0,17.543303343103222,CASH,CASH,XLM,XLM,"DCR,ICP,UNI,XLM,XRP,XTZ"
2023-08-24,0.0,17.543303343103222,CASH,CASH,XLM,XLM,"DCR,ICP,UNI,XLM,XRP,XTZ"
2023-08-25,0.0,17.543303343103222,CASH,CASH,XLM,XLM,"DCR,ICP,UNI,XLM,XRP,XTZ"
2023-08-26,0.0,17.543303343103222,CASH,CASH,,,
2023-08-27,0.0,17.543303343103222,CASH,CASH,UNI,UNI,"DCR,ICP,SUN,UNI,XLM,XRP"
2023-08-28,0.0,17.543303343103222,CASH,CASH,UNI,UNI,"DCR,ICP,SUN,UNI,XLM,XRP"
2023-08-29,0.0,17.543303343103222,CASH,CASH,UNI,UNI,"DCR,ICP,SUN,UNI,XLM,XRP"
2023-08-30,0.0,17.543303343103222,BASE,0.0,UNI,UNI,"DCR,ICP,SUN,UNI,XLM,XRP"
2023-08-31,0.0,17.543303343103222,CASH,CASH,UNI,UNI,"DCR,ICP,SUN,UNI,XLM,XRP"
2023-09-01,0.0,17.543303343103222,CASH,CASH,UNI,UNI,"DCR,ICP,SUN,UNI,XLM,XRP"
2023-09-02,0.0,17.543303343103222,CASH,CASH,,,
2023-09-03,0.0,17.543303343103222,CASH,CASH,,,"DASH,HBAR,ICP,UNI,XLM,XRP"
2023-09-04,0.0,17.543303343103222,CASH,CASH,,,"DASH,HBAR,ICP,UNI,XLM,XRP"
2023-09-05,0.0,17.543303343103222,CASH,CASH,,,"DASH,HBAR,ICP,UNI,XLM,XRP"
2023-09-06,0.0,17.543303343103222,CASH,CASH,,,"DASH,HBAR,ICP,UNI,XLM,XRP"
2023-09-07,0.0,17.543303343103222,CASH,CASH,,,"DASH,HBAR,ICP,UNI,XLM,XRP"
2023-09-08,0.0,17.543303343103222,CASH,CASH,,,"DASH,HBAR,ICP,UNI,XLM,XRP"
2023-09-09,0.0,17.543303343103222,CASH,CASH,,,
2023-09-10,0.0,17.543303343103222,CASH,CASH,HBAR,HBAR,"HBAR,ICP,UNI,XLM,XRP"
2023-09-11,0.0,17.543303343103222,CASH,CASH,HBAR,HBAR,"HBAR,ICP,UNI,XLM,XRP"
2023-09-12,0.0,17.543303343103222,CASH,CASH,HBAR,HBAR,"HBAR,ICP,UNI,XLM,XRP"
2023-09-13,0.0,17.543303343103222,CASH,CASH,HBAR,HBAR,"HBAR,ICP,UNI,XLM,XRP"
2023-09-14,0.0,17.543303343103222,CASH,CASH,HBAR,HBAR,"HBAR,ICP,UNI,XLM,XRP"
2023-09-15,0.0,17.543303343103222,CASH,CASH,HBAR,HBAR,"HBAR,ICP,UNI,XLM,XRP"
2023-09-16,0.0,17.543303343103222,CASH,CASH,,,
2023-09-17,0.0,17.543303343103222,CASH,CASH,HBAR,HBAR,"HBAR,ICP,UNI,XLM,XRP"
2023-09-18,0.0,17.543303343103222,CASH,CASH,HBAR,HBAR,"HBAR,ICP,UNI,XLM,XRP"
2023-09-19,0.0,17.543303343103222,CASH,CASH,HBAR,HBAR,"HBAR,ICP,UNI,XLM,XRP"
2023-09-20,0.0,17.543303343103222,BASE,0.0,HBAR,HBAR,"HBAR,ICP,UNI,XLM,XRP"
2023-09-21,0.0,17.543303343103222,CASH,CASH,HBAR,HBAR,"HBAR,ICP,UNI,XLM,XRP"
2023-09-22,0.0,17.543303343103222,CASH,CASH,HBAR,HBAR,"HBAR,ICP,UNI,XLM,XRP"
2023-09-23,0.0,17.543303343103222,CASH,CASH,,,
2023-09-24,0.0,17.543303343103222,CASH,CASH,HBAR,HBAR,"HBAR,ICP,UNI,XLM,XRP"
2023-09-25,0.0,17.543303343103222,CASH,CASH,HBAR,HBAR,"HBAR,ICP,UNI,XLM,XRP"
2023-09-26,0.0,17.543303343103222,CASH,CASH,HBAR,HBAR,"HBAR,ICP,UNI,XLM,XRP"
2023-09-27,0.0,17.543303343103222,CASH,CASH,HBAR,HBAR,"HBAR,ICP,UNI,XLM,XRP"
2023-09-28,0.0,17.543303343103222,CASH,CASH,HBAR,HBAR,"HBAR,ICP,UNI,XLM,XRP"
2023-09-29,0.0,17.543303343103222,CASH,CASH,HBAR,HBAR,"HBAR,ICP,UNI,XLM,XRP"
2023-09-30,0.0,17.543303343103222,CASH,CASH,,,
2023-10-01,0.0,17.543303343103222,CASH,CASH,,,"HBAR,ICP,UNI,XLM,XRP"
2023-10-02,0.0,17.543303343103222,BASE,0.0,,,"HBAR,ICP,UNI,XLM,XRP"
2023-10-03,0.0,17.543303343103222,BASE,0.0,,,"HBAR,ICP,UNI,XLM,XRP"
2023-10-04,0.0,17.543303343103222,BASE,0.0,,,"HBAR,ICP,UNI,XLM,XRP"
2023-10-05,0.0,17.543303343103222,BASE,0.0,,,"HBAR,ICP,UNI,XLM,XRP"
2023-10-06,0.0,17.543303343103222,BASE,0.0,,,"HBAR,ICP,UNI,XLM,XRP"
2023-10-07,0.0,17.543303343103222,BASE,0.0,,,
2023-10-08,0.0,17.543303343103222,BASE,0.0,,,"HBAR,ICP,UNI,XLM,XRP"
2023-10-09,0.0,17.543303343103222,BASE,0.0,,,"HBAR,ICP,UNI,XLM,XRP"
2023-10-10,0.0,17.543303343103222,BASE,0.0,,,"HBAR,ICP,UNI,XLM,XRP"
2023-10-11,0.0,17.543303343103222,BASE,0.0,,,"HBAR,ICP,UNI,XLM,XRP"
2023-10-12,0.0,17.543303343103222,CASH,CASH,,,"HBAR,ICP,UNI,XLM,XRP"
2023-10-13,0.0,17.543303343103222,CASH,CASH,,,"HBAR,ICP,UNI,XLM,XRP"
2023-10-14,0.0,17.543303343103222,CASH,CASH,,,
2023-10-15,0.0,17.543303343103222,CASH,CASH,,,"HBAR,ICP,UNI,XLM,XRP"
2023-10-16,0.0,17.543303343103222,BASE,0.0,,,"HBAR,ICP,UNI,XLM,XRP"
2023-10-17,0.0,17.543303343103222,BASE,0.0,,,"HBAR,ICP,UNI,XLM,XRP"
2023-10-18,0.0,17.543303343103222,BASE,0.0,,,"HBAR,ICP,UNI,XLM,XRP"
2023-10-19,0.0,17.543303343103222,BASE,0.0,,,"HBAR,ICP,UNI,XLM,XRP"
2023-10-20,0.0,17.543303343103222,BASE,0.0,,,"HBAR,ICP,UNI,XLM,XRP"
2023-10-21,0.0,17.543303343103222,BASE,0.0,,,
2023-10-22,0.0027636426856749,17.591786765069966,BTC,BTC,,,"HBAR,ICP,UNI,XLM,XRP"
2023-10-23,0.1026101226774995,19.39688216315021,BTC,BTC,,,"HBAR,ICP,UNI,XLM,XRP"
2023-10-24,0.025785916475935,19.897048546502756,BTC,BTC,,,"HBAR,ICP,UNI,XLM,XRP"
2023-10-25,0.0169007624091575,20.23332383663067,BTC,BTC,,,"HBAR,ICP,UNI,XLM,XRP"
2023-10-26,-0.0099834618746204,20.03132521951082,BTC,BTC,,,"HBAR,ICP,UNI,XLM,XRP"
2023-10-27,-0.0076025587043209,19.879035893604144,BTC,BTC,,,"HBAR,ICP,UNI,XLM,XRP"
2023-10-28,0.0055759438357467,19.989880281255676,BTC,BTC,,,
2023-10-29,0.0130539010005574,20.250826199460185,BTC,BTC,,,"HBAR,ICP,UNI,XLM,XRP"
2023-10-30,-0.0014817865665446,20.220818797236394,BTC,BTC,,,"HBAR,ICP,UNI,XLM,XRP"
2023-10-31,0.0047872746211499,20.317621409883273,BTC,BTC,,,"HBAR,ICP,UNI,XLM,XRP"
2023-11-01,0.0225653923221778,20.776096508050767,BTC,BTC,,,"HBAR,ICP,UNI,XLM,XRP"
2023-11-02,-0.0135466015911837,20.49465100603622,BTC,BTC,,,"HBAR,ICP,UNI,XLM,XRP"
2023-11-03,-0.006433880083877,20.362790879102477,BTC,BTC,,,"HBAR,ICP,UNI,XLM,XRP"
2023-11-04,0.0099459108822881,20.565317382500698,BTC,BTC,,,
2023-11-05,-0.0014314614054447,20.535878924376927,BTC,BTC,,,"HBAR,INJ,SOL,UNI,XLM,XRP"
2023-11-06,0.0009770969168179,20.55594446835808,BTC,BTC,,,"HBAR,INJ,SOL,UNI,XLM,XRP"
2023-11-07,0.0100733063231877,20.76301079375029,BTC,BTC,,,"HBAR,INJ,SOL,UNI,XLM,XRP"
2023-11-08,0.0063730397817798,20.895334287528385,BTC,BTC,,,"HBAR,INJ,SOL,UNI,XLM,XRP"
2023-11-09,0.0302141322093196,21.5266686802497,BTC,BTC,,,"HBAR,INJ,SOL,UNI,XLM,XRP"
2023-11-10,0.0163630017528089,21.878909597596763,BTC,BTC,,,"HBAR,INJ,SOL,UNI,XLM,XRP"
2023-11-11,-0.0046011394140148,21.778241684311592,BTC,BTC,,,
2023-11-12,-0.0017740371667116,21.739606274137994,BTC,BTC,SOL,SOL,"FET,ICP,INJ,SOL,TWT,XLM"
2023-11-13,-0.0162205345167955,21.386978240186796,BTC,BTC,SOL,SOL,"FET,ICP,INJ,SOL,TWT,XLM"
2023-11-14,-0.0250045731377044,20.852205978585552,BTC,BTC,SOL,SOL,"FET,ICP,INJ,SOL,TWT,XLM"
2023-11-15,0.0648926238474716,22.205360337543905,BTC,BTC,SOL,SOL,"FET,ICP,INJ,SOL,TWT,XLM"
2023-11-16,-0.0447641462087472,21.211356340776174,BTC,BTC,SOL,SOL,"FET,ICP,INJ,SOL,TWT,XLM"
2023-11-17,0.0124548197893399,21.475539961488014,BTC,BTC,SOL,SOL,"FET,ICP,INJ,SOL,TWT,XLM"
2023-11-18,-0.0012514366120863,21.448664684515887,BTC,BTC,,,
2023-11-19,0.0216516581391978,21.91306383980731,BTC,BTC,SOL,SOL,"FET,INJ,NEO,PENDLE,SOL,TWT"
2023-11-20,0.0023800945720888,21.965219004110274,BTC,BTC,SOL,SOL,"FET,INJ,NEO,PENDLE,SOL,TWT"
2023-11-21,-0.0455857306967009,20.963918445894848,BTC,BTC,SOL,SOL,"FET,INJ,NEO,PENDLE,SOL,TWT"
2023-11-22,0.0466315908750714,21.94149931400218,BTC,BTC,SOL,SOL,"FET,INJ,NEO,PENDLE,SOL,TWT"
2023-11-23,-0.0030490526978742,21.874598526323414,BTC,BTC,SOL,SOL,"FET,INJ,NEO,PENDLE,SOL,TWT"
2023-11-24,0.0017792004310384,21.91351782145024,BASE,0.0147415091135674,SOL,SOL,"FET,INJ,NEO,PENDLE,SOL,TWT"
2023-11-25,-0.0137388710417621,21.61245082602998,BASE,0.0403059263025817,,,
2023-11-26,-0.0542772313972906,20.439386831482988,BASE,0.0110098370355301,NEO,NEO,"AVAX,GNO,INJ,NEO,SOL,THETA"
2023-11-27,0.0100068674580593,20.64392106642964,BASE,0.0563107850322678,NEO,NEO,"AVAX,GNO,INJ,NEO,SOL,THETA"
2023-11-28,-0.0020541758651173,20.601514822013595,BASE,0.0466585884082682,NEO,NEO,"AVAX,GNO,INJ,NEO,SOL,THETA"
2023-11-29,-0.0026132650101515,20.54767760417311,BASE,0.0203307716097982,NEO,NEO,"AVAX,GNO,INJ,NEO,SOL,THETA"
2023-11-30,0.0224098456259629,21.008147887254687,BASE,0.0600666655139301,NEO,NEO,"AVAX,GNO,INJ,NEO,SOL,THETA"
2023-12-01,0.0198495341048101,21.425149835221646,BASE,0.0145568487953526,NEO,NEO,"AVAX,GNO,INJ,NEO,SOL,THETA"
2023-12-02,-0.0097907444668008,21.215381668022072,BASE,0.0471373887668205,,,
2023-12-03,-0.0053382847858883,21.102127918836857,CANDIDATE,DOGE,NEO,NEO,"AVAX,GNO,INJ,NEO,SOL,THETA"
2023-12-04,0.0719869326799673,22.621205380734224,CANDIDATE,DOGE,NEO,NEO,"AVAX,GNO,INJ,NEO,SOL,THETA"
2023-12-05,0.0268828907270353,23.229328773098327,CANDIDATE,DOGE,NEO,NEO,"AVAX,GNO,INJ,NEO,SOL,THETA"
2023-12-06,-0.0070480281494563,23.065607810012555,BTC,BTC,NEO,NEO,"AVAX,GNO,INJ,NEO,SOL,THETA"
2023-12-07,0.1943655323819977,27.548766951720008,BASE,0.1064168656899562,NEO,NEO,"AVAX,GNO,INJ,NEO,SOL,THETA"
2023-12-08,0.0617895122845617,29.25099182570784,BASE,0.0,NEO,NEO,"AVAX,GNO,INJ,NEO,SOL,THETA"
2023-12-09,0.0315317895592119,30.173327944354288,BASE,0.0,,,
2023-12-10,-0.0758884743765951,27.883520119792557,BASE,0.1293666748720008,NEO,NEO,"AVAX,GNO,NEO,SOL,THETA,TWT"
2023-12-11,0.0027932194679711,27.961404911026726,BASE,0.1034114101564118,NEO,NEO,"AVAX,GNO,NEO,SOL,THETA,TWT"
2023-12-12,0.033178132182793,28.88911209918137,BASE,0.0571073618407187,NEO,NEO,"AVAX,GNO,NEO,SOL,THETA,TWT"
2023-12-13,0.003574375254117,28.9923726265821,BASE,0.1208675109707337,NEO,NEO,"AVAX,GNO,NEO,SOL,THETA,TWT"
2023-12-14,-0.0251488415531864,28.263248041145246,BASE,0.0680767150885621,NEO,NEO,"AVAX,GNO,NEO,SOL,THETA,TWT"
2023-12-15,0.0080526367241051,28.490841710263865,BASE,0.0355814115277415,NEO,NEO,"AVAX,GNO,NEO,SOL,THETA,TWT"
2023-12-16,-0.0213675991998681,27.88206082373206,BASE,0.0551556231600547,,,
2023-12-17,0.0310129511669585,28.746765814492633,BASE,0.0136842691084462,SOL,SOL,"ADA,AVAX,SOL,THETA,TWT,XLM"
2023-12-18,-0.0089505319074121,28.489466969835114,BASE,0.0190787660617699,SOL,SOL,"ADA,AVAX,SOL,THETA,TWT,XLM"
2023-12-19,0.0329487257424367,29.428158603572424,BASE,0.0552889679851946,SOL,SOL,"ADA,AVAX,SOL,THETA,TWT,XLM"
2023-12-20,0.0044166413053858,29.55813222440241,BASE,0.0932156578192069,SOL,SOL,"ADA,AVAX,SOL,THETA,TWT,XLM"
2023-12-21,0.002444952099549,29.63040044184321,BASE,0.206919857040176,SOL,SOL,"ADA,AVAX,SOL,THETA,TWT,XLM"
2023-12-22,-0.0060697254249807,29.450552046928994,BASE,0.0408201800402634,SOL,SOL,"ADA,AVAX,SOL,THETA,TWT,XLM"
2023-12-23,-0.016261438793872,28.971643697372116,BASE,0.1080104812983208,,,
2023-12-24,0.0135987346335904,29.36562139191161,BASE,0.0586233223682141,ADA,ADA,"ADA,INJ,SOL,STX,UNI,XLM"
2023-12-25,-0.0295444927262421,28.4980290042967,BASE,0.0616347024495576,ADA,ADA,"ADA,INJ,SOL,STX,UNI,XLM"
2023-12-26,0.0631039589758304,30.296367457475867,BASE,0.1419435185786213,ADA,ADA,"ADA,INJ,SOL,STX,UNI,XLM"
2023-12-27,-0.0229197077518745,29.60198356940712,BASE,0.0410388981670268,ADA,ADA,"ADA,INJ,SOL,STX,UNI,XLM"
2023-12-28,-0.0116721361082763,29.25646518811004,BASE,0.0268952276255255,ADA,ADA,"ADA,INJ,SOL,STX,UNI,XLM"
2023-12-29,0.0078383806184254,29.485788497804162,BASE,0.0545994445562133,ADA,ADA,"ADA,INJ,SOL,STX,UNI,XLM"
2023-12-30,-0.0167139703563545,28.992963902918124,BASE,0.0,,,
2023-12-31,0.0054522129570238,29.15103971637214,BASE,0.0326648906017531,ADA,ADA,"ADA,INJ,SOL,STX,UNI,XLM"
2024-01-01,-0.00414673046252,29.03015821196613,BASE,0.0824855302336378,ADA,ADA,"ADA,INJ,SOL,STX,UNI,XLM"
2024-01-02,-0.049759165424275,27.585641767204027,BASE,0.0215158526016092,ADA,ADA,"ADA,INJ,SOL,STX,UNI,XLM"
2024-01-03,0.022015832805573,28.192962644185226,BASE,0.0582902352513091,ADA,ADA,"ADA,INJ,SOL,STX,UNI,XLM"
2024-01-04,-0.0031356704589464,28.104558804071676,BASE,0.039844094112819,ADA,ADA,"ADA,INJ,SOL,STX,UNI,XLM"
2024-01-05,-0.0040047470716462,27.99200715450116,BASE,0.0008722910904994,ADA,ADA,"ADA,INJ,SOL,STX,UNI,XLM"
2024-01-06,-0.00089382537245,27.966987188280665,BASE,0.0,,,
2024-01-07,0.0687932487453621,29.890927094582416,BASE,0.0,STX,STX,"AVAX,INJ,SOL,STX,TWT,XLM"
2024-01-08,-0.0179131282288953,29.3554870846566,BASE,0.0256455783527165,STX,STX,"AVAX,INJ,SOL,STX,TWT,XLM"
2024-01-09,0.0117976577748861,29.701813075096467,BASE,0.0330336840114863,STX,STX,"AVAX,INJ,SOL,STX,TWT,XLM"
2024-01-10,-0.0067481902405345,29.50137958997692,BASE,0.1091169164992056,STX,STX,"AVAX,INJ,SOL,STX,TWT,XLM"
2024-01-11,-0.0767478305605885,27.23721270790177,BASE,0.0350167414772836,STX,STX,"AVAX,INJ,SOL,STX,TWT,XLM"
2024-01-12,0.01588064733648,27.66975727734465,BASE,0.0919119930536326,STX,STX,"AVAX,INJ,SOL,STX,TWT,XLM"
2024-01-13,-0.0089344804765053,27.422542371160578,BASE,0.050381801184673,,,
2024-01-14,0.0601001669449081,29.070641745721147,BASE,0.0375158677194474,STX,STX,"ADA,AVAX,NEO,SOL,STX,TWT"
2024-01-15,-0.007244094488189,28.860051270082852,BASE,0.0,STX,STX,"ADA,AVAX,NEO,SOL,STX,TWT"
2024-01-16,-0.0001314888498193,28.856256495135625,BASE,0.041686654895141,STX,STX,"ADA,AVAX,NEO,SOL,STX,TWT"
2024-01-17,-0.0023066986528879,28.789693807150908,BASE,0.0431308741587017,STX,STX,"ADA,AVAX,NEO,SOL,STX,TWT"
2024-01-18,0.0024313099041535,28.85969047484178,BASE,0.0139421220530174,STX,STX,"ADA,AVAX,NEO,SOL,STX,TWT"
2024-01-19,0.0079440737210041,29.088953983539284,BASE,0.0941730017345421,STX,STX,"ADA,AVAX,NEO,SOL,STX,TWT"
2024-01-20,-0.013085407959295,28.708313153555512,BASE,0.1091489643342331,,,
2024-01-21,-0.0428618957940993,27.477820426743445,BASE,0.0155506545960661,,,"AVAX,INJ,NEO,SOL,THETA,TWT"
2024-01-22,-0.0221199341322846,26.870012848805136,BASE,0.0431661638069492,,,"AVAX,INJ,NEO,SOL,THETA,TWT"
2024-01-23,0.0149225890692037,27.27098300883208,BASE,0.0563701881112886,,,"AVAX,INJ,NEO,SOL,THETA,TWT"
2024-01-24,0.030325307847822,28.097983963887636,BASE,0.0374781222526696,,,"AVAX,INJ,NEO,SOL,THETA,TWT"
2024-01-25,0.021048876204067,28.689414949927368,BASE,0.0,,,"AVAX,INJ,NEO,SOL,THETA,TWT"
2024-01-26,-0.0178197064989518,28.178177995893023,BASE,0.0407391804062196,,,"AVAX,INJ,NEO,SOL,THETA,TWT"
2024-01-27,-0.0017787264318747,28.128056725889657,BASE,0.0494378094127769,,,
2024-01-28,0.0071275837491089,28.32854180590312,BASE,0.048052764893413,,,"AVAX,INJ,NEO,SOL,THETA,TWT"
2024-01-29,-0.0086694975230006,28.082947582886625,BASE,0.0656849799873788,,,"AVAX,INJ,NEO,SOL,THETA,TWT"
2024-01-30,0.0017847581652685,28.13306885288999,BASE,0.0400611264219608,,,"AVAX,INJ,NEO,SOL,THETA,TWT"
2024-01-31,0.0301086762871904,28.980118315946896,BASE,0.0,,,"AVAX,INJ,NEO,SOL,THETA,TWT"
2024-02-01,0.0056208924247664,29.143012443457838,BASE,0.0840270421650748,,,"AVAX,INJ,NEO,SOL,THETA,TWT"
2024-02-02,0.0081692320921833,29.381088475973833,BASE,0.0803466112679955,,,"AVAX,INJ,NEO,SOL,THETA,TWT"
2024-02-03,0.0101501194131694,29.679310032493863,BASE,0.0076975651654072,,,
2024-02-04,0.0046440935573757,29.817143525003125,BASE,0.0178825003625693,,,"AVAX,INJ,NEO,SOL,THETA,TWT"
2024-02-05,0.017061691040511,30.325874415537303,BASE,0.0510491802816592,,,"AVAX,INJ,NEO,SOL,THETA,TWT"
2024-02-06,0.0214031898190232,30.974944862080907,BASE,0.0137007892469125,,,"AVAX,INJ,NEO,SOL,THETA,TWT"
2024-02-07,-0.0138349514563109,30.546408003552113,BASE,0.0225687342107043,,,"AVAX,INJ,NEO,SOL,THETA,TWT"
2024-02-08,0.0111664836371625,30.887503968697867,BASE,0.0699878785769798,,,"AVAX,INJ,NEO,SOL,THETA,TWT"
2024-02-09,0.0163566485879935,31.392720016874115,BASE,0.0586737196378235,,,"AVAX,INJ,NEO,SOL,THETA,TWT"
2024-02-10,-0.0142188790019266,30.94635072941282,BASE,0.0385380882541122,,,
2024-02-11,0.0284702920443102,31.827402372384856,BASE,0.069867589963989,,,"AVAX,INJ,NEO,SOL,THETA,TWT"
2024-02-12,-0.0300219672931412,30.871881139335475,BASE,0.0294659677823496,,,"AVAX,INJ,NEO,SOL,THETA,TWT"
2024-02-13,0.0624056366381478,32.798460536052936,BASE,0.0449819672931413,,,"AVAX,INJ,NEO,SOL,THETA,TWT"
2024-02-14,-0.0182173913043479,32.20095814628745,BASE,0.0,,,"AVAX,INJ,NEO,SOL,THETA,TWT"
2024-02-15,-0.0191149909692955,31.585437122118503,BASE,0.0760140370066539,,,"AVAX,INJ,NEO,SOL,THETA,TWT"
2024-02-16,0.0246023221318605,32.36251222087249,BASE,0.0366192258648347,,,"AVAX,INJ,NEO,SOL,THETA,TWT"
2024-02-17,0.0043430511182107,32.50306426576146,BASE,0.0,,,
2024-02-18,0.0190741357767596,33.12303212672734,BASE,0.02985378799835,STX,STX,"GRT,INJ,NEO,SOL,STX,TWT"
2024-02-19,0.0237741102961153,33.910502745849925,BASE,0.0278260638240386,STX,STX,"GRT,INJ,NEO,SOL,STX,TWT"
2024-02-20,-0.0155598528597159,33.382860312725505,BASE,0.0,STX,STX,"GRT,INJ,NEO,SOL,STX,TWT"
2024-02-21,0.0011792850163414,33.42222821969492,BASE,0.0849337953301048,STX,STX,"GRT,INJ,NEO,SOL,STX,TWT"
2024-02-22,-0.0165443898499024,32.86927784637588,BASE,0.0077869597093971,STX,STX,"GRT,INJ,NEO,SOL,STX,TWT"
2024-02-23,0.0240842641261498,33.660910215663804,BASE,0.0276406465343943,STX,STX,"GRT,INJ,NEO,SOL,STX,TWT"
2024-02-24,0.0400886180002808,35.0103295868413,BASE,0.0170568770149912,,,
2024-02-25,0.0203528251391926,35.72288870298779,BASE,0.0,STX,STX,"GRT,INJ,NEO,STX,THETA,TWT"
2024-02-26,0.0209134933279595,36.46997909753316,BASE,0.0417907913680075,STX,STX,"GRT,INJ,NEO,STX,THETA,TWT"
2024-02-27,0.0434066544122182,38.05301887664061,BASE,0.0726648995892207,STX,STX,"GRT,INJ,NEO,STX,THETA,TWT"
2024-02-28,-0.0127131920428008,37.56924353985355,BASE,0.1438243355447401,STX,STX,"GRT,INJ,NEO,STX,THETA,TWT"
2024-02-29,0.0279453547658894,38.61912937886086,BASE,0.0857529342554753,STX,STX,"GRT,INJ,NEO,STX,THETA,TWT"
2024-03-01,-0.0035037848448925,38.483816258620266,BASE,0.1597464283912875,STX,STX,"GRT,INJ,NEO,STX,THETA,TWT"
2024-03-02,0.0194101829660373,39.23079417343145,BASE,0.1168536139953579,,,
2024-03-03,0.005342551854179867,39.440386725583664,CANDIDATE,GRT,GRT,GRT,"GNO,GRT,NEO,STX,THETA,VET"
2024-03-04,-0.0204285840298146,38.63467547119169,BASE,0.1455134215288924,GRT,GRT,"GNO,GRT,NEO,STX,THETA,VET"
2024-03-05,0.0745543314620178,41.515057872198405,BASE,0.0,GRT,GRT,"GNO,GRT,NEO,STX,THETA,VET"
2024-03-06,0.0131383573517973,42.060497538003894,BASE,0.0567761406409865,GRT,GRT,"GNO,GRT,NEO,STX,THETA,VET"
2024-03-07,0.0037738190014371,42.219226242822714,BASE,0.0921248005429395,GRT,GRT,"GNO,GRT,NEO,STX,THETA,VET"
2024-03-08,0.0056265708046638,42.456775708596076,BASE,0.0401871046220085,GRT,GRT,"GNO,GRT,NEO,STX,THETA,VET"
2024-03-09,0.0801456072086832,45.85949977788438,BASE,0.0805373715906694,,,
2024-03-10,-0.0111552278313479,45.34792660963043,BASE,0.0023741204099829,GRT,GRT,"GNO,GRT,INJ,STX,THETA,VET"
2024-03-11,-0.0116862722519046,44.8179783932109,BASE,0.2002999646734533,GRT,GRT,"GNO,GRT,INJ,STX,THETA,VET"
2024-03-12,0.0226781583891062,45.83436760589168,BASE,0.138855349457038,GRT,GRT,"GNO,GRT,INJ,STX,THETA,VET"
2024-03-13,-0.0230383806966266,44.77841799599802,BASE,0.1503450974248472,GRT,GRT,"GNO,GRT,INJ,STX,THETA,VET"
2024-03-14,-0.0264619421439791,43.593494089689,BASE,0.1008297168772247,GRT,GRT,"GNO,GRT,INJ,STX,THETA,VET"
2024-03-15,-0.0604205620587668,40.959550674684465,BASE,0.1082042961754896,GRT,GRT,"GNO,GRT,INJ,STX,THETA,VET"
2024-03-16,0.0047432745270217,41.153833068037954,BASE,0.0520298393484053,,,
2024-03-17,-0.0171102661596962,40.44968003075212,BASE,0.1010729847424098,THETA,THETA,"GRT,INJ,STX,THETA,UNI,VET"
2024-03-18,-0.0014999999999999,40.38900551070599,BASE,0.0594297622023383,THETA,THETA,"GRT,INJ,STX,THETA,UNI,VET"
2024-03-19,0.0,40.38900551070599,BASE,0.0,THETA,THETA,"GRT,INJ,STX,THETA,UNI,VET"
2024-03-20,0.0,40.38900551070599,BASE,0.0,THETA,THETA,"GRT,INJ,STX,THETA,UNI,VET"
2024-03-21,0.0,40.38900551070599,BASE,0.0,THETA,THETA,"GRT,INJ,STX,THETA,UNI,VET"
2024-03-22,0.0,40.38900551070599,BASE,0.0,THETA,THETA,"GRT,INJ,STX,THETA,UNI,VET"
2024-03-23,0.0,40.38900551070599,BASE,0.0,,,
2024-03-24,0.0,40.38900551070599,BASE,0.0,THETA,THETA,"GRT,INJ,STX,THETA,UNI,VET"
2024-03-25,0.0,40.38900551070599,BASE,0.0,THETA,THETA,"GRT,INJ,STX,THETA,UNI,VET"
2024-03-26,0.0,40.38900551070599,BASE,0.0,THETA,THETA,"GRT,INJ,STX,THETA,UNI,VET"
2024-03-27,0.0,40.38900551070599,BASE,0.0,THETA,THETA,"GRT,INJ,STX,THETA,UNI,VET"
2024-03-28,0.0,40.38900551070599,BASE,0.0,THETA,THETA,"GRT,INJ,STX,THETA,UNI,VET"
2024-03-29,0.0,40.38900551070599,BASE,0.0,THETA,THETA,"GRT,INJ,STX,THETA,UNI,VET"
2024-03-30,0.0,40.38900551070599,BASE,0.0,,,
2024-03-31,0.0,40.38900551070599,BASE,0.0,THETA,THETA,"CAKE,GRT,INJ,STX,THETA,UNI"
2024-04-01,0.0,40.38900551070599,BASE,0.0,THETA,THETA,"CAKE,GRT,INJ,STX,THETA,UNI"
2024-04-02,0.0,40.38900551070599,BASE,0.0,THETA,THETA,"CAKE,GRT,INJ,STX,THETA,UNI"
2024-04-03,0.0,40.38900551070599,BASE,0.0,THETA,THETA,"CAKE,GRT,INJ,STX,THETA,UNI"
2024-04-04,0.0,40.38900551070599,BASE,0.0,THETA,THETA,"CAKE,GRT,INJ,STX,THETA,UNI"
2024-04-05,0.0,40.38900551070599,BASE,0.0,THETA,THETA,"CAKE,GRT,INJ,STX,THETA,UNI"
2024-04-06,0.0,40.38900551070599,BASE,0.0,,,
2024-04-07,0.0,40.38900551070599,BASE,0.0,THETA,THETA,"BNB,CAKE,GRT,INJ,STX,THETA"
2024-04-08,0.0,40.38900551070599,BASE,0.0,THETA,THETA,"BNB,CAKE,GRT,INJ,STX,THETA"
2024-04-09,0.0,40.38900551070599,BASE,0.0,THETA,THETA,"BNB,CAKE,GRT,INJ,STX,THETA"
2024-04-10,0.0,40.38900551070599,BASE,0.0,THETA,THETA,"BNB,CAKE,GRT,INJ,STX,THETA"
2024-04-11,0.0,40.38900551070599,BASE,0.0,THETA,THETA,"BNB,CAKE,GRT,INJ,STX,THETA"
2024-04-12,0.0,40.38900551070599,BASE,0.0,THETA,THETA,"BNB,CAKE,GRT,INJ,STX,THETA"
2024-04-13,0.0,40.38900551070599,BASE,0.0,,,
2024-04-14,0.0,40.38900551070599,BASE,0.0,CAKE,CAKE,"BNB,CAKE,GRT,INJ,SUN,THETA"
2024-04-15,0.0,40.38900551070599,BASE,0.0,CAKE,CAKE,"BNB,CAKE,GRT,INJ,SUN,THETA"
2024-04-16,0.0,40.38900551070599,BASE,0.0,CAKE,CAKE,"BNB,CAKE,GRT,INJ,SUN,THETA"
2024-04-17,0.0,40.38900551070599,BASE,0.0,CAKE,CAKE,"BNB,CAKE,GRT,INJ,SUN,THETA"
2024-04-18,0.0,40.38900551070599,BASE,0.0,CAKE,CAKE,"BNB,CAKE,GRT,INJ,SUN,THETA"
2024-04-19,0.0,40.38900551070599,BASE,0.0,CAKE,CAKE,"BNB,CAKE,GRT,INJ,SUN,THETA"
2024-04-20,0.0,40.38900551070599,BASE,0.0,,,
2024-04-21,0.0,40.38900551070599,BASE,0.0,,,"BNB,CAKE,GRT,STX,THETA,UNI"
2024-04-22,0.0,40.38900551070599,BASE,0.0,,,"BNB,CAKE,GRT,STX,THETA,UNI"
2024-04-23,0.0,40.38900551070599,BASE,0.0,,,"BNB,CAKE,GRT,STX,THETA,UNI"
2024-04-24,0.0,40.38900551070599,BASE,0.0,,,"BNB,CAKE,GRT,STX,THETA,UNI"
2024-04-25,0.0,40.38900551070599,BASE,0.0,,,"BNB,CAKE,GRT,STX,THETA,UNI"
2024-04-26,0.0,40.38900551070599,BASE,0.0,,,"BNB,CAKE,GRT,STX,THETA,UNI"
2024-04-27,0.0,40.38900551070599,BASE,0.0,,,
2024-04-28,0.0,40.38900551070599,BASE,0.0,,,"CAKE,GRT,STX,THETA,TWT,UNI"
2024-04-29,0.0,40.38900551070599,BASE,0.0,,,"CAKE,GRT,STX,THETA,TWT,UNI"
2024-04-30,0.0,40.38900551070599,BASE,0.0,,,"CAKE,GRT,STX,THETA,TWT,UNI"
2024-05-01,0.0,40.38900551070599,BASE,0.0,,,"CAKE,GRT,STX,THETA,TWT,UNI"
2024-05-02,0.0,40.38900551070599,BASE,0.0,,,"CAKE,GRT,STX,THETA,TWT,UNI"
2024-05-03,0.0,40.38900551070599,BASE,0.0,,,"CAKE,GRT,STX,THETA,TWT,UNI"
2024-05-04,0.0,40.38900551070599,BASE,0.0,,,
2024-05-05,0.0,40.38900551070599,BASE,0.0,,,"CAKE,FLOKI,GRT,STX,THETA,UNI"
2024-05-06,0.0,40.38900551070599,BASE,0.0,,,"CAKE,FLOKI,GRT,STX,THETA,UNI"
2024-05-07,0.0,40.38900551070599,BASE,0.0,,,"CAKE,FLOKI,GRT,STX,THETA,UNI"
2024-05-08,0.0,40.38900551070599,BASE,0.0,,,"CAKE,FLOKI,GRT,STX,THETA,UNI"
2024-05-09,0.0,40.38900551070599,BASE,0.0,,,"CAKE,FLOKI,GRT,STX,THETA,UNI"
2024-05-10,0.0,40.38900551070599,BASE,0.0,,,"CAKE,FLOKI,GRT,STX,THETA,UNI"
2024-05-11,0.0,40.38900551070599,BASE,0.0,,,
2024-05-12,0.0,40.38900551070599,BASE,0.0,,,"CAKE,FLOKI,GRT,STX,THETA,UNI"
2024-05-13,0.0,40.38900551070599,BASE,0.0,,,"CAKE,FLOKI,GRT,STX,THETA,UNI"
2024-05-14,0.0,40.38900551070599,BASE,0.0,,,"CAKE,FLOKI,GRT,STX,THETA,UNI"
2024-05-15,0.0,40.38900551070599,BASE,0.0,,,"CAKE,FLOKI,GRT,STX,THETA,UNI"
2024-05-16,0.0,40.38900551070599,BASE,0.0,,,"CAKE,FLOKI,GRT,STX,THETA,UNI"
2024-05-17,0.0,40.38900551070599,BASE,0.0,,,"CAKE,FLOKI,GRT,STX,THETA,UNI"
2024-05-18,0.0,40.38900551070599,BASE,0.0,,,
2024-05-19,0.0,40.38900551070599,BASE,0.0,,,"CAKE,GRT,STX,THETA,UNI,VET"
2024-05-20,-0.0196713284687223,39.594500116779855,BASE,0.0,,,"CAKE,GRT,STX,THETA,UNI,VET"
2024-05-21,-0.0097358967162505,39.20901215311132,BASE,0.0530778493410849,,,"CAKE,GRT,STX,THETA,UNI,VET"
2024-05-22,-0.0044645380050861,39.03396202821187,BASE,0.0007536816798719,,,"CAKE,GRT,STX,THETA,UNI,VET"
2024-05-23,-0.048024523160763,37.15937461473166,BASE,0.0192621410379832,,,"CAKE,GRT,STX,THETA,UNI,VET"
2024-05-24,0.0078035026700953,37.449347893756794,BASE,0.0874316092055931,,,"CAKE,GRT,STX,THETA,UNI,VET"
2024-05-25,-0.0112987957813021,37.0262153597623,BASE,0.0512006472139521,,,
2024-05-26,0.0135570221553293,37.528180581722594,BASE,0.0318921928783291,,,"CAKE,FLOKI,GRT,STX,THETA,UNI"
2024-05-27,-0.0116394357919481,37.091373733453,BASE,0.0887783844870835,,,"CAKE,FLOKI,GRT,STX,THETA,UNI"
2024-05-28,-0.0021342186388427,37.01221263229078,BASE,0.0049964485424037,,,"CAKE,FLOKI,GRT,STX,THETA,UNI"
2024-05-29,-0.0085551330798477,36.695568227641914,BASE,0.0104090882197027,,,"CAKE,FLOKI,GRT,STX,THETA,UNI"
2024-05-30,-0.0073705656759347,36.425101132004336,BASE,0.0188984437847716,,,"CAKE,FLOKI,GRT,STX,THETA,UNI"
2024-05-31,-0.0118819929199029,35.99229833824712,BTC,BTC,,,"CAKE,FLOKI,GRT,STX,THETA,UNI"
2024-06-01,0.0033586018124664,36.11318213668079,BTC,BTC,,,
2024-06-02,-1.8002902599123516e-05,36.11253199458024,BTC,BTC,,,"CAKE,FLOKI,GRT,SUN,THETA,UNI"
2024-06-03,0.0154100242261452,36.669026987484166,BTC,BTC,,,"CAKE,FLOKI,GRT,SUN,THETA,UNI"
2024-06-04,0.0251117935064577,37.5898520212766,BTC,BTC,,,"CAKE,FLOKI,GRT,SUN,THETA,UNI"
2024-06-05,0.0177447052089296,38.256872864241444,BASE,0.0022941203185806,,,"CAKE,FLOKI,GRT,SUN,THETA,UNI"
2024-06-06,-0.0043446588288238,38.090659803788625,BTC,BTC,,,"CAKE,FLOKI,GRT,SUN,THETA,UNI"
2024-06-07,-0.0203881237971237,37.31406271619486,BTC,BTC,,,"CAKE,FLOKI,GRT,SUN,THETA,UNI"
2024-06-08,-0.0006508486697541,37.289776908112906,BTC,BTC,,,
2024-06-09,0.0048719919042521,37.4714523993206,BTC,BTC,,,"CAKE,GRT,STX,THETA,UNI,VET"
2024-06-10,-0.0015526617078359,37.41327191004318,BTC,BTC,,,"CAKE,GRT,STX,THETA,UNI,VET"
2024-06-11,-0.0320069025021569,36.21578896373174,BTC,BTC,,,"CAKE,GRT,STX,THETA,UNI,VET"
2024-06-12,0.0141091988857038,36.72676473302371,BTC,BTC,,,"CAKE,GRT,STX,THETA,UNI,VET"
2024-06-13,-0.0218413837222232,35.924601371613925,BTC,BTC,,,"CAKE,GRT,STX,THETA,UNI,VET"
2024-06-14,0.0,35.924601371613925,BASE,0.0,,,"CAKE,GRT,STX,THETA,UNI,VET"
2024-06-15,0.0,35.924601371613925,BASE,0.0,,,
2024-06-16,0.0,35.924601371613925,BASE,0.0,,,"DOGE,GRT,STX,THETA,UNI,VET"
2024-06-17,0.0,35.924601371613925,BASE,0.0,,,"DOGE,GRT,STX,THETA,UNI,VET"
2024-06-18,0.0,35.924601371613925,BASE,0.0,,,"DOGE,GRT,STX,THETA,UNI,VET"
2024-06-19,0.0,35.924601371613925,BASE,0.0,,,"DOGE,GRT,STX,THETA,UNI,VET"
2024-06-20,0.0,35.924601371613925,BASE,0.0,,,"DOGE,GRT,STX,THETA,UNI,VET"
2024-06-21,0.0,35.924601371613925,BASE,0.0,,,"DOGE,GRT,STX,THETA,UNI,VET"
2024-06-22,0.0,35.924601371613925,BASE,0.0,,,
2024-06-23,0.0,35.924601371613925,BASE,0.0,,,"CAKE,DOGE,GRT,STX,THETA,UNI"
2024-06-24,0.0,35.924601371613925,BASE,0.0,,,"CAKE,DOGE,GRT,STX,THETA,UNI"
2024-06-25,0.0,35.924601371613925,CASH,CASH,,,"CAKE,DOGE,GRT,STX,THETA,UNI"
2024-06-26,0.0,35.924601371613925,BASE,0.0,,,"CAKE,DOGE,GRT,STX,THETA,UNI"
2024-06-27,0.0,35.924601371613925,BASE,0.0,,,"CAKE,DOGE,GRT,STX,THETA,UNI"
2024-06-28,0.0,35.924601371613925,BASE,0.0,,,"CAKE,DOGE,GRT,STX,THETA,UNI"
2024-06-29,0.0,35.924601371613925,CASH,CASH,,,
2024-06-30,0.0,35.924601371613925,CASH,CASH,,,"CAKE,DOGE,GRT,STX,THETA,UNI"
2024-07-01,0.0,35.924601371613925,BASE,0.0,,,"CAKE,DOGE,GRT,STX,THETA,UNI"
2024-07-02,0.0,35.924601371613925,BASE,0.0,,,"CAKE,DOGE,GRT,STX,THETA,UNI"
2024-07-03,0.0,35.924601371613925,BASE,0.0,,,"CAKE,DOGE,GRT,STX,THETA,UNI"
2024-07-04,0.0,35.924601371613925,CASH,CASH,,,"CAKE,DOGE,GRT,STX,THETA,UNI"
2024-07-05,0.0,35.924601371613925,CASH,CASH,,,"CAKE,DOGE,GRT,STX,THETA,UNI"
2024-07-06,0.0,35.924601371613925,CASH,CASH,,,
2024-07-07,0.0,35.924601371613925,CASH,CASH,,,"GRT,STX,SUN,THETA,UNI,VET"
2024-07-08,0.0,35.924601371613925,CASH,CASH,,,"GRT,STX,SUN,THETA,UNI,VET"
2024-07-09,0.0,35.924601371613925,CASH,CASH,,,"GRT,STX,SUN,THETA,UNI,VET"
2024-07-10,0.0,35.924601371613925,CASH,CASH,,,"GRT,STX,SUN,THETA,UNI,VET"
2024-07-11,0.0,35.924601371613925,CASH,CASH,,,"GRT,STX,SUN,THETA,UNI,VET"
2024-07-12,0.0,35.924601371613925,CASH,CASH,,,"GRT,STX,SUN,THETA,UNI,VET"
2024-07-13,0.0,35.924601371613925,CASH,CASH,,,
2024-07-14,0.0,35.924601371613925,CASH,CASH,,,"DOGE,GRT,STX,THETA,UNI,VET"
2024-07-15,0.0,35.924601371613925,CASH,CASH,,,"DOGE,GRT,STX,THETA,UNI,VET"
2024-07-16,0.0,35.924601371613925,BASE,0.0,,,"DOGE,GRT,STX,THETA,UNI,VET"
2024-07-17,0.0,35.924601371613925,BASE,0.0,,,"DOGE,GRT,STX,THETA,UNI,VET"
2024-07-18,0.0,35.924601371613925,BASE,0.0,,,"DOGE,GRT,STX,THETA,UNI,VET"
2024-07-19,0.0,35.924601371613925,BASE,0.0,,,"DOGE,GRT,STX,THETA,UNI,VET"
2024-07-20,0.0,35.924601371613925,BASE,0.0,,,
2024-07-21,0.0,35.924601371613925,BASE,0.0,,,"DOGE,GRT,STX,THETA,UNI,VET"
2024-07-22,0.0,35.924601371613925,BASE,0.0,,,"DOGE,GRT,STX,THETA,UNI,VET"
2024-07-23,0.0,35.924601371613925,BASE,0.0,,,"DOGE,GRT,STX,THETA,UNI,VET"
2024-07-24,0.0,35.924601371613925,BASE,0.0,,,"DOGE,GRT,STX,THETA,UNI,VET"
2024-07-25,0.0,35.924601371613925,BASE,0.0,,,"DOGE,GRT,STX,THETA,UNI,VET"
2024-07-26,0.0,35.924601371613925,BASE,0.0,,,"DOGE,GRT,STX,THETA,UNI,VET"
2024-07-27,0.0,35.924601371613925,BASE,0.0,,,
2024-07-28,0.0,35.924601371613925,BASE,0.0,,,"DOGE,GRT,STX,THETA,UNI,VET"
2024-07-29,0.0,35.924601371613925,BASE,0.0,,,"DOGE,GRT,STX,THETA,UNI,VET"
2024-07-30,0.0,35.924601371613925,BASE,0.0,,,"DOGE,GRT,STX,THETA,UNI,VET"
2024-07-31,0.0,35.924601371613925,BASE,0.0,,,"DOGE,GRT,STX,THETA,UNI,VET"
2024-08-01,0.0,35.924601371613925,BASE,0.0,,,"DOGE,GRT,STX,THETA,UNI,VET"
2024-08-02,0.0,35.924601371613925,BASE,0.0,,,"DOGE,GRT,STX,THETA,UNI,VET"
2024-08-03,0.0,35.924601371613925,CASH,CASH,,,
2024-08-04,0.0,35.924601371613925,CASH,CASH,,,"DOGE,GRT,STX,THETA,UNI,VET"
2024-08-05,0.0,35.924601371613925,CASH,CASH,,,"DOGE,GRT,STX,THETA,UNI,VET"
2024-08-06,0.0,35.924601371613925,CASH,CASH,,,"DOGE,GRT,STX,THETA,UNI,VET"
2024-08-07,0.0,35.924601371613925,CASH,CASH,,,"DOGE,GRT,STX,THETA,UNI,VET"
2024-08-08,0.0,35.924601371613925,CASH,CASH,,,"DOGE,GRT,STX,THETA,UNI,VET"
2024-08-09,0.0,35.924601371613925,CASH,CASH,,,"DOGE,GRT,STX,THETA,UNI,VET"
2024-08-10,0.0,35.924601371613925,CASH,CASH,,,
2024-08-11,0.0,35.924601371613925,CASH,CASH,,,"DOGE,GRT,STX,THETA,UNI,VET"
2024-08-12,0.0,35.924601371613925,CASH,CASH,,,"DOGE,GRT,STX,THETA,UNI,VET"
2024-08-13,0.0,35.924601371613925,CASH,CASH,,,"DOGE,GRT,STX,THETA,UNI,VET"
2024-08-14,0.0,35.924601371613925,CASH,CASH,,,"DOGE,GRT,STX,THETA,UNI,VET"
2024-08-15,0.0,35.924601371613925,CASH,CASH,,,"DOGE,GRT,STX,THETA,UNI,VET"
2024-08-16,0.0,35.924601371613925,CASH,CASH,,,"DOGE,GRT,STX,THETA,UNI,VET"
2024-08-17,0.0,35.924601371613925,CASH,CASH,,,
2024-08-18,0.0,35.924601371613925,CASH,CASH,,,"BNB,CAKE,DOGE,SUN,THETA,UNI"
2024-08-19,0.0,35.924601371613925,CASH,CASH,,,"BNB,CAKE,DOGE,SUN,THETA,UNI"
2024-08-20,0.0,35.924601371613925,CASH,CASH,,,"BNB,CAKE,DOGE,SUN,THETA,UNI"
2024-08-21,0.0,35.924601371613925,CASH,CASH,,,"BNB,CAKE,DOGE,SUN,THETA,UNI"
2024-08-22,0.0,35.924601371613925,CASH,CASH,,,"BNB,CAKE,DOGE,SUN,THETA,UNI"
2024-08-23,0.0,35.924601371613925,CASH,CASH,,,"BNB,CAKE,DOGE,SUN,THETA,UNI"
2024-08-24,0.0,35.924601371613925,BASE,0.0,,,
2024-08-25,0.0,35.924601371613925,BASE,0.0,,,"ALGO,BNB,CAKE,CFX,DOGE,SUN"
2024-08-26,0.0,35.924601371613925,BASE,0.0,,,"ALGO,BNB,CAKE,CFX,DOGE,SUN"
2024-08-27,0.0,35.924601371613925,BASE,0.0,,,"ALGO,BNB,CAKE,CFX,DOGE,SUN"
2024-08-28,0.0,35.924601371613925,CASH,CASH,,,"ALGO,BNB,CAKE,CFX,DOGE,SUN"
2024-08-29,0.0,35.924601371613925,CASH,CASH,,,"ALGO,BNB,CAKE,CFX,DOGE,SUN"
2024-08-30,0.0,35.924601371613925,CASH,CASH,,,"ALGO,BNB,CAKE,CFX,DOGE,SUN"
2024-08-31,0.0,35.924601371613925,CASH,CASH,,,
2024-09-01,0.0,35.924601371613925,CASH,CASH,,,"ALGO,BNB,CAKE,CFX,CRV,DCR"
2024-09-02,0.0,35.924601371613925,CASH,CASH,,,"ALGO,BNB,CAKE,CFX,CRV,DCR"
2024-09-03,0.0,35.924601371613925,CASH,CASH,,,"ALGO,BNB,CAKE,CFX,CRV,DCR"
2024-09-04,0.0,35.924601371613925,CASH,CASH,,,"ALGO,BNB,CAKE,CFX,CRV,DCR"
2024-09-05,0.0,35.924601371613925,CASH,CASH,,,"ALGO,BNB,CAKE,CFX,CRV,DCR"
2024-09-06,0.0,35.924601371613925,CASH,CASH,,,"ALGO,BNB,CAKE,CFX,CRV,DCR"
2024-09-07,0.0,35.924601371613925,CASH,CASH,,,
2024-09-08,0.0,35.924601371613925,CASH,CASH,,,"ALGO,BNB,CAKE,CFX,COMP,SHIB"
2024-09-09,0.0,35.924601371613925,CASH,CASH,,,"ALGO,BNB,CAKE,CFX,COMP,SHIB"
2024-09-10,0.0,35.924601371613925,CASH,CASH,,,"ALGO,BNB,CAKE,CFX,COMP,SHIB"
2024-09-11,0.0,35.924601371613925,CASH,CASH,,,"ALGO,BNB,CAKE,CFX,COMP,SHIB"
2024-09-12,0.0,35.924601371613925,CASH,CASH,,,"ALGO,BNB,CAKE,CFX,COMP,SHIB"
2024-09-13,0.0,35.924601371613925,CASH,CASH,,,"ALGO,BNB,CAKE,CFX,COMP,SHIB"
2024-09-14,0.0,35.924601371613925,CASH,CASH,,,
2024-09-15,0.0,35.924601371613925,CASH,CASH,,,"ALGO,BNB,CAKE,NEXO,SHIB"
2024-09-16,0.0,35.924601371613925,CASH,CASH,,,"ALGO,BNB,CAKE,NEXO,SHIB"
2024-09-17,0.0,35.924601371613925,CASH,CASH,,,"ALGO,BNB,CAKE,NEXO,SHIB"
2024-09-18,0.0,35.924601371613925,CASH,CASH,,,"ALGO,BNB,CAKE,NEXO,SHIB"
2024-09-19,0.0,35.924601371613925,BASE,0.0,,,"ALGO,BNB,CAKE,NEXO,SHIB"
2024-09-20,0.0,35.924601371613925,BASE,0.0,,,"ALGO,BNB,CAKE,NEXO,SHIB"
2024-09-21,0.0,35.924601371613925,BASE,0.0,,,
2024-09-22,0.0,35.924601371613925,BASE,0.0,,,"NEXO,SHIB"
2024-09-23,0.0,35.924601371613925,BASE,0.0,,,"NEXO,SHIB"
2024-09-24,0.0,35.924601371613925,BASE,0.0,,,"NEXO,SHIB"
2024-09-25,0.0,35.924601371613925,BASE,0.0,,,"NEXO,SHIB"
2024-09-26,0.0115548302872061,36.33970404359846,BASE,0.0,,,"NEXO,SHIB"
2024-09-27,-0.0006443298969072,36.31628928583841,BASE,0.0320458635696223,,,"NEXO,SHIB"
2024-09-28,0.0090264345583495,36.644095894479115,BASE,0.0431035690273421,,,
2024-09-29,-0.0031948881789135,36.527022105678874,BASE,0.0356135133074047,,,"NEXO,SHIB"
2024-09-30,-0.0015000000000002,36.47223157252035,BASE,0.0,,,"NEXO,SHIB"
2024-10-01,0.0,36.47223157252035,BASE,0.0,,,"NEXO,SHIB"
2024-10-02,0.0,36.47223157252035,CASH,CASH,,,"NEXO,SHIB"
2024-10-03,0.0,36.47223157252035,CASH,CASH,,,"NEXO,SHIB"
2024-10-04,0.0,36.47223157252035,CASH,CASH,,,"NEXO,SHIB"
2024-10-05,0.0,36.47223157252035,BASE,0.0,,,
2024-10-06,0.0,36.47223157252035,BASE,0.0,,,"NEXO,SHIB"
2024-10-07,0.0,36.47223157252035,BASE,0.0,,,"NEXO,SHIB"
2024-10-08,0.0,36.47223157252035,BASE,0.0,,,"NEXO,SHIB"
2024-10-09,0.0,36.47223157252035,BASE,0.0,,,"NEXO,SHIB"
2024-10-10,0.0,36.47223157252035,CASH,CASH,,,"NEXO,SHIB"
2024-10-11,0.0,36.47223157252035,CASH,CASH,,,"NEXO,SHIB"
2024-10-12,0.0,36.47223157252035,BASE,0.0,,,
2024-10-13,0.0,36.47223157252035,BASE,0.0,,,"NEXO,SHIB"
2024-10-14,0.0,36.47223157252035,BASE,0.0,,,"NEXO,SHIB"
2024-10-15,0.0,36.47223157252035,BASE,0.0,,,"NEXO,SHIB"
2024-10-16,0.0081383078485985,36.7690538209829,BTC,BTC,,,"NEXO,SHIB"
2024-10-17,-0.0029315286998625,36.661264284439895,BTC,BTC,,,"NEXO,SHIB"
2024-10-18,0.0149242574135539,37.208406429727205,BTC,BTC,,,"NEXO,SHIB"
2024-10-19,-0.0007306950371193,37.18121843180989,BTC,BTC,,,
2024-10-20,0.0093487555839184,37.528816555241164,BASE,0.0,,,"APT,NEXO,SHIB"
2024-10-21,0.0119949494949493,37.978972814426506,BASE,0.0,,,"APT,NEXO,SHIB"
2024-10-22,0.0,37.978972814426506,BASE,0.0102082955947175,,,"APT,NEXO,SHIB"
2024-10-23,-0.0014999999999997,37.922004355204876,BASE,0.0194522346202039,,,"APT,NEXO,SHIB"
2024-10-24,-0.0136506682867557,37.40434365298307,BASE,0.0,,,"APT,NEXO,SHIB"
2024-10-25,-0.0014999999999999,37.3482371375036,BASE,0.0,,,"APT,NEXO,SHIB"
2024-10-26,0.0,37.3482371375036,BASE,0.0,,,
2024-10-27,0.0493925947479449,39.192963478986464,CANDIDATE,DOGE,APT,APT,"APT,NEXO,SHIB"
2024-10-28,0.1192291695549701,43.86590796698429,CANDIDATE,DOGE,APT,APT,"APT,NEXO,SHIB"
2024-10-29,0.0891861761426979,47.77814056158713,CANDIDATE,DOGE,APT,APT,"APT,NEXO,SHIB"
2024-10-30,-0.0431024678721708,45.71878479303926,CANDIDATE,DOGE,APT,APT,"APT,NEXO,SHIB"
2024-10-31,-0.0394580461136202,43.91481087441684,CANDIDATE,DOGE,APT,APT,"APT,NEXO,SHIB"
2024-11-01,0.0,43.91481087441684,BASE,0.0,APT,APT,"APT,NEXO,SHIB"
2024-11-02,0.0,43.91481087441684,BASE,0.0,,,
2024-11-03,0.0,43.91481087441684,BASE,0.0,APT,APT,"APT,DOGE,NEXO,PENDLE,SHIB"
2024-11-04,0.0,43.91481087441684,BASE,0.0,APT,APT,"APT,DOGE,NEXO,PENDLE,SHIB"
2024-11-05,0.0,43.91481087441684,BASE,0.0,APT,APT,"APT,DOGE,NEXO,PENDLE,SHIB"
2024-11-06,-0.016269230769231,43.200350682113815,BASE,0.0,APT,APT,"APT,DOGE,NEXO,PENDLE,SHIB"
2024-11-07,0.0037831476979763,43.363783989348626,BTC,BTC,APT,APT,"APT,DOGE,NEXO,PENDLE,SHIB"
2024-11-08,0.0085935688430036,43.736433652354236,BTC,BTC,APT,APT,"APT,DOGE,NEXO,PENDLE,SHIB"
2024-11-09,0.0021916152418686,43.83228708697171,BTC,BTC,,,
2024-11-10,0.0481569159959132,45.94311485412776,BTC,BTC,DOGE,DOGE,"APT,DOGE,NEXO,PENDLE,SHIB"
2024-11-11,0.102998369665501,50.675180781457776,BTC,BTC,DOGE,DOGE,"APT,DOGE,NEXO,PENDLE,SHIB"
2024-11-12,0.0245512748372664,51.91932107225151,BASE,0.1814279170418313,DOGE,DOGE,"APT,DOGE,NEXO,PENDLE,SHIB"
2024-11-13,-0.0337438810647169,50.16736167702861,BASE,0.022942341063747,DOGE,DOGE,"APT,DOGE,NEXO,PENDLE,SHIB"
2024-11-14,0.0424443739801816,52.296683937647444,BASE,0.1552283693221828,DOGE,DOGE,"APT,DOGE,NEXO,PENDLE,SHIB"
2024-11-15,-0.0048900349074783,52.04095132764699,BASE,0.178377449224238,DOGE,DOGE,"APT,DOGE,NEXO,PENDLE,SHIB"
2024-11-16,-0.0080688249473543,51.62104200129042,BASE,0.2612226957458554,,,
2024-11-17,0.0067696551143305,51.97049865228153,BASE,0.1089450012952288,DOGE,DOGE,"APT,DOGE,NEXO,PENDLE,SHIB"
2024-11-18,0.0174137376956686,52.87549928372546,BASE,0.0978999614048437,DOGE,DOGE,"APT,DOGE,NEXO,PENDLE,SHIB"
2024-11-19,0.0214034567356644,54.007217745021336,BASE,0.0322362771239361,DOGE,DOGE,"APT,DOGE,NEXO,PENDLE,SHIB"
2024-11-20,0.042747980199935,56.31591721983909,BASE,0.0619862819945371,DOGE,DOGE,"APT,DOGE,NEXO,PENDLE,SHIB"
2024-11-21,0.005847201382628,56.6452077288709,BASE,0.0866787021657926,DOGE,DOGE,"APT,DOGE,NEXO,PENDLE,SHIB"
2024-11-22,-0.0123326457145168,55.94662245052553,BASE,0.232288598081962,DOGE,DOGE,"APT,DOGE,NEXO,PENDLE,SHIB"
2024-11-23,0.0023306481667286,56.07701434357451,BASE,0.296646371204713,,,
2024-11-24,-0.0499492135038963,53.27601158146626,BASE,0.0340756935831243,DOGE,DOGE,"APT,DOGE,NEXO,PENDLE"
2024-11-25,-0.0112337370999099,52.677522873628305,BASE,0.0658036702455362,DOGE,DOGE,"APT,DOGE,NEXO,PENDLE"
2024-11-26,0.0423850727819099,54.910263514597766,BASE,0.0453659084869831,DOGE,DOGE,"APT,DOGE,NEXO,PENDLE"
2024-11-27,-0.0022858636653868,54.78474613837294,BASE,0.0564349817789116,DOGE,DOGE,"APT,DOGE,NEXO,PENDLE"
2024-11-28,0.0189872901566829,55.824960009462444,BASE,0.051619015543449,DOGE,DOGE,"APT,DOGE,NEXO,PENDLE"
2024-11-29,-0.0107942745741842,55.22237006302745,BASE,0.1486412683025606,DOGE,DOGE,"APT,DOGE,NEXO,PENDLE"
2024-11-30,0.0082249877989264,55.67657338302365,BASE,0.0944885986883683,,,
2024-12-01,0.0666023166023166,59.38476215081191,BASE,0.1642477739496515,DOGE,DOGE,"ADA,APT,DOGE,PENDLE,XLM"
2024-12-02,0.9610859728506788,116.45862405503115,BASE,0.2669071971397552,DOGE,DOGE,"ADA,APT,DOGE,PENDLE,XLM"
2024-12-03,0.0587760083662789,123.303597116815,BASE,0.0,DOGE,DOGE,"ADA,APT,DOGE,PENDLE,XLM"
2024-12-04,-0.0137057689301164,121.61362650647976,BASE,0.0130706174005919,DOGE,DOGE,"ADA,APT,DOGE,PENDLE,XLM"
2024-12-05,0.0564488005917782,128.47856985838703,BASE,0.0429006194647005,DOGE,DOGE,"ADA,APT,DOGE,PENDLE,XLM"
2024-12-06,-0.0006626872091364,128.39342875349374,BASE,0.0610457998401869,DOGE,DOGE,"ADA,APT,DOGE,PENDLE,XLM"
2024-12-07,0.0019843752345967,128.64820949379714,BASE,0.076599530182299,,,
2024-12-08,-0.0729618021302896,119.26180428829467,BASE,0.0504561249670976,DOGE,DOGE,"ADA,APT,DOGE,PENDLE,XLM"
2024-12-09,-0.0225619612068965,116.57102408647769,BASE,0.0350512537836888,DOGE,DOGE,"ADA,APT,DOGE,PENDLE,XLM"
2024-12-10,0.0561041824571075,123.11114609103731,BASE,0.0942036173269469,DOGE,DOGE,"ADA,APT,DOGE,PENDLE,XLM"
2024-12-11,0.0129964690316064,124.71115628865506,BASE,0.0320513329135978,DOGE,DOGE,"ADA,APT,DOGE,PENDLE,XLM"
2024-12-12,0.0064895752020424,125.52047871592396,BASE,0.197223722077658,DOGE,DOGE,"ADA,APT,DOGE,PENDLE,XLM"
2024-12-13,-0.0093452441896181,124.34745919152589,BASE,0.0377908676023857,DOGE,DOGE,"ADA,APT,DOGE,PENDLE,XLM"
2024-12-14,0.0229440171149968,127.20048942342262,BASE,0.0138295491223535,,,
2024-12-15,0.0068576364770691,128.07278413959375,BASE,0.032838932247651,DOGE,DOGE,"ADA,APT,DOGE,PENDLE,XLM"
2024-12-16,-0.0233879545636992,125.07742368329048,BASE,0.0320079097414183,DOGE,DOGE,"ADA,APT,DOGE,PENDLE,XLM"
2024-12-17,-0.0588703575319216,117.71407103188352,BASE,0.0881392046696403,DOGE,DOGE,"ADA,APT,DOGE,PENDLE,XLM"
2024-12-18,-0.027365671293993,114.49274645734725,BASE,0.012244279420202,DOGE,DOGE,"ADA,APT,DOGE,PENDLE,XLM"
2024-12-19,0.0131544742333209,115.99883834052257,BASE,0.0010192939208819,DOGE,DOGE,"ADA,APT,DOGE,PENDLE,XLM"
2024-12-20,-0.0082497079917026,115.04188179683655,BASE,0.0627689870430814,DOGE,DOGE,"ADA,APT,DOGE,PENDLE,XLM"
2024-12-21,-0.02164330280427,112.55199551393459,BASE,0.0130816206768848,,,
2024-12-22,-0.00320214249387,112.19158798632955,BASE,0.0193839263921596,XLM,XLM,"ADA,APT,DOGE,PENDLE,XLM"
2024-12-23,0.039861418673214,116.66370384666536,BASE,0.1150680845228557,XLM,XLM,"ADA,APT,DOGE,PENDLE,XLM"
2024-12-24,0.007763959102234,117.56947607204602,BASE,0.0148560448910917,XLM,XLM,"ADA,APT,DOGE,PENDLE,XLM"
2024-12-25,-0.0365887019559567,113.26776155292795,BASE,0.0058031844141479,XLM,XLM,"ADA,APT,DOGE,PENDLE,XLM"
2024-12-26,-0.015581428851799,111.50288798508846,BASE,0.01992203528929,XLM,XLM,"ADA,APT,DOGE,PENDLE,XLM"
2024-12-27,0.0106148493786202,112.68647434633134,BASE,0.0380489101288982,XLM,XLM,"ADA,APT,DOGE,PENDLE,XLM"
2024-12-28,-0.0163882476390344,110.83974049917397,BASE,0.0506162873057787,,,
2024-12-29,-0.0014030889503287,110.68422248402229,BASE,0.0140662662148859,,,"ADA,APT,DOGE,PENDLE,XLM"
2024-12-30,-0.0071567950884039,109.89207818418483,BASE,0.0137332267056511,,,"ADA,APT,DOGE,PENDLE,XLM"
2024-12-31,0.0078552406599983,110.75530690494895,BASE,0.0461910003197922,,,"ADA,APT,DOGE,PENDLE,XLM"
2025-01-01,0.0253569120159029,113.56371947743207,BASE,0.1087454504515395,,,"ADA,APT,DOGE,PENDLE,XLM"
2025-01-02,0.0092636755722212,114.61573693144575,BASE,0.0438584472593699,,,"ADA,APT,DOGE,PENDLE,XLM"
2025-01-03,0.0004718144831972,114.66981429613233,BASE,0.1211112724094682,,,"ADA,APT,DOGE,PENDLE,XLM"
2025-01-04,0.0014570278098766,114.83689140451519,BASE,0.0388553591723346,,,
2025-01-05,0.0393640493674438,119.35733646696632,BASE,0.0390968792128731,,,"ADA,APT,DOGE,PENDLE,XLM"
2025-01-06,-0.0516550986153552,113.19192148129903,BASE,0.0,,,"ADA,APT,DOGE,PENDLE,XLM"
2025-01-07,-0.0195349143274362,110.98072699260398,BASE,0.0085934880206361,,,"ADA,APT,DOGE,PENDLE,XLM"
2025-01-08,-0.0263844298916238,108.05256378194618,BASE,0.0644010643802718,,,"ADA,APT,DOGE,PENDLE,XLM"
2025-01-09,0.0234852676573045,110.59020716342314,BASE,0.0342716427477807,,,"ADA,APT,DOGE,PENDLE,XLM"
2025-01-10,0.0020345494150402,110.81520840471667,BASE,0.0166393429345959,,,"ADA,APT,DOGE,PENDLE,XLM"
2025-01-11,-0.030868343424934,107.39452649497424,BASE,0.0953327521993785,,,
2025-01-12,0.0074263355426016,108.19207428416475,BASE,0.0301013170014132,,,"ADA,APT,DOGE,PENDLE,XLM"
2025-01-13,0.0571100190234621,114.37092570472123,BASE,0.0,,,"ADA,APT,DOGE,PENDLE,XLM"
2025-01-14,0.178307651932666,134.7641369164955,BASE,0.0,,,"ADA,APT,DOGE,PENDLE,XLM"
2025-01-15,0.0226484989798891,137.81634233397438,BASE,0.0,,,"ADA,APT,DOGE,PENDLE,XLM"
2025-01-16,0.0396419437340154,143.2796500224056,BASE,0.0380484914441876,,,"ADA,APT,DOGE,PENDLE,XLM"
2025-01-17,0.1934308231971211,170.99435067363493,BASE,0.0633089978580587,,,"ADA,APT,DOGE,PENDLE,XLM"
2025-01-18,-0.0338413951038594,165.20766329196056,BASE,0.0,,,
2025-01-19,0.0091623962798561,166.72136137151054,BASE,0.0399624564637266,,,"ADA,APT,DOGE,PENDLE,XLM"
2025-01-20,0.0379797537668928,173.05339762408167,BASE,0.0403863920393381,,,"ADA,APT,DOGE,PENDLE,XLM"
2025-01-21,-0.022960922265658,169.0799320134271,BASE,0.0249935423670251,,,"ADA,APT,DOGE,PENDLE,XLM"
2025-01-22,0.0019640011547956,169.41200519515425,BASE,0.0589086346839587,,,"ADA,APT,DOGE,PENDLE,XLM"
2025-01-23,0.0092402738745731,170.9774185207981,BASE,0.0275215968221365,,,"ADA,APT,DOGE,PENDLE,XLM"
2025-01-24,-0.0011790732379457,170.77582362232718,BASE,0.0104298858917899,,,"ADA,APT,DOGE,PENDLE,XLM"
2025-01-25,-0.0203046678730675,167.30827724292627,BASE,0.0450675409323271,,,
2025-01-26,-0.0185199668379422,164.20973349667403,BASE,0.01829905214904,,,"ADA,APT,DOGE,PENDLE,XLM"
2025-01-27,-0.0329055693115976,158.80631872946026,BASE,0.0340554119433559,,,"ADA,APT,DOGE,PENDLE,XLM"
2025-01-28,0.0117554553370677,160.67315931652857,BASE,0.0335601909402959,,,"ADA,APT,DOGE,PENDLE,XLM"
2025-01-29,0.0065408183529214,161.724093265808,BASE,0.0426477469918986,,,"ADA,APT,DOGE,PENDLE,XLM"
2025-01-30,-0.0218994997657627,158.18241652321527,BASE,0.1134100013192098,,,"ADA,APT,DOGE,PENDLE,XLM"
2025-01-31,-0.017513596660964,155.41207348137107,BASE,0.0538994997657629,,,"ADA,APT,DOGE,PENDLE,XLM"
2025-02-01,-0.0291652113341543,150.87944751440776,BASE,0.0,,,
2025-02-02,0.0371331432082446,156.48207564614108,BASE,0.0,,,"ADA,APT,DOGE,PENDLE,XLM"
2025-02-03,-0.0351864410927941,150.97602830934,BASE,0.0256156160664839,,,"ADA,APT,DOGE,PENDLE,XLM"
2025-02-04,-0.0117702859963667,149.19899727754353,BASE,0.0168217712195977,,,"ADA,APT,DOGE,PENDLE,XLM"
2025-02-05,-0.0006011648811649,149.10930408007525,BASE,0.034625732716462,,,"ADA,APT,DOGE,PENDLE,XLM"
2025-02-06,-0.0004924687494658,149.03587240756121,BASE,0.0415000412856592,,,"ADA,APT,DOGE,PENDLE,XLM"
2025-02-07,-0.0006430634939714,148.94003287872374,BASE,0.0313741891795732,,,"ADA,APT,DOGE,PENDLE,XLM"
2025-02-08,0.0001867390590717,148.96784580032164,BASE,0.0606731824117674,,,
2025-02-09,0.0100356873508169,150.46284052609838,BASE,0.023788807793541,,,"ADA,APT,DOGE,PENDLE,XLM"
2025-02-10,-0.0169619838979083,147.91069224786116,BASE,0.1113262529476903,,,"ADA,APT,DOGE,PENDLE,XLM"
2025-02-11,0.021839938524633,151.14105267369038,BASE,0.1096455957501764,,,"ADA,APT,DOGE,PENDLE,XLM"
2025-02-12,-0.0128931248485874,149.19237221182158,BASE,0.0650804191380827,,,"ADA,APT,DOGE,PENDLE,XLM"
2025-02-13,0.0092366957898166,150.57041676810329,BASE,0.0503398636227597,,,"ADA,APT,DOGE,PENDLE,XLM"
2025-02-14,0.0007095349684431,150.67725174401332,BASE,0.0604925905104296,,,"ADA,APT,DOGE,PENDLE,XLM"
2025-02-15,-0.0148769607273407,148.435632187314,BASE,0.0709420541757406,,,
2025-02-16,-0.0035177550289163,147.91347199571672,BASE,0.0355085396747094,,,"ADA,APT,DOGE,PENDLE,XLM"
2025-02-17,-0.0011302986009604,147.74628560525676,BASE,0.0521306666182346,,,"ADA,APT,DOGE,PENDLE,XLM"
2025-02-18,-0.0015000000000001,147.52466617684885,BASE,0.0619593395624518,,,"ADA,APT,DOGE,PENDLE,XLM"
2025-02-19,0.0156828943579436,149.8382799316913,BASE,0.0,,,"ADA,APT,DOGE,PENDLE,XLM"
2025-02-20,-0.0215962565484971,146.60233399750098,BASE,0.0422105344541878,,,"ADA,APT,DOGE,PENDLE,XLM"
2025-02-21,0.0038367893861199,147.16481627656302,BASE,0.0243701816525192,,,"ADA,APT,DOGE,PENDLE,XLM"
2025-02-22,-0.0030347688750225,146.7182050726285,BASE,0.0487304477776942,,,
2025-02-23,-0.0488803008581105,139.54657506731647,BASE,0.0344088753087,,,"ADA,APT,DOGE,PENDLE,XLM"
2025-02-24,-0.0015,139.3372552047155,BASE,0.0248965610207121,,,"ADA,APT,DOGE,PENDLE,XLM"
2025-02-25,0.0,139.3372552047155,BASE,0.0,,,"ADA,APT,DOGE,PENDLE,XLM"
2025-02-26,0.0,139.3372552047155,BASE,0.0,,,"ADA,APT,DOGE,PENDLE,XLM"
2025-02-27,0.0,139.3372552047155,CASH,CASH,,,"ADA,APT,DOGE,PENDLE,XLM"
2025-02-28,0.0,139.3372552047155,CASH,CASH,,,"ADA,APT,DOGE,PENDLE,XLM"
2025-03-01,0.0,139.3372552047155,CASH,CASH,,,
2025-03-02,0.0,139.3372552047155,CASH,CASH,,,"ADA,APT,DOGE,PENDLE,XLM"
2025-03-03,0.0,139.3372552047155,BASE,0.0,,,"ADA,APT,DOGE,PENDLE,XLM"
2025-03-04,0.0,139.3372552047155,CASH,CASH,,,"ADA,APT,DOGE,PENDLE,XLM"
2025-03-05,0.0,139.3372552047155,BASE,0.0,,,"ADA,APT,DOGE,PENDLE,XLM"
2025-03-06,0.0,139.3372552047155,BASE,0.0,,,"ADA,APT,DOGE,PENDLE,XLM"
2025-03-07,0.0,139.3372552047155,BASE,0.0,,,"ADA,APT,DOGE,PENDLE,XLM"
2025-03-08,0.0,139.3372552047155,CASH,CASH,,,
2025-03-09,0.0,139.3372552047155,CASH,CASH,,,"ADA,APT,DOGE,PENDLE,XLM"
2025-03-10,0.0,139.3372552047155,CASH,CASH,,,"ADA,APT,DOGE,PENDLE,XLM"
2025-03-11,0.0,139.3372552047155,CASH,CASH,,,"ADA,APT,DOGE,PENDLE,XLM"
2025-03-12,0.0,139.3372552047155,CASH,CASH,,,"ADA,APT,DOGE,PENDLE,XLM"
2025-03-13,0.0,139.3372552047155,CASH,CASH,,,"ADA,APT,DOGE,PENDLE,XLM"
2025-03-14,0.0,139.3372552047155,CASH,CASH,,,"ADA,APT,DOGE,PENDLE,XLM"
2025-03-15,0.0,139.3372552047155,CASH,CASH,,,
2025-03-16,0.0,139.3372552047155,CASH,CASH,,,"ADA,APT,DOGE,PENDLE,XLM"
2025-03-17,0.0,139.3372552047155,CASH,CASH,,,"ADA,APT,DOGE,PENDLE,XLM"
2025-03-18,0.0,139.3372552047155,CASH,CASH,,,"ADA,APT,DOGE,PENDLE,XLM"
2025-03-19,0.0,139.3372552047155,CASH,CASH,,,"ADA,APT,DOGE,PENDLE,XLM"
2025-03-20,0.0,139.3372552047155,CASH,CASH,,,"ADA,APT,DOGE,PENDLE,XLM"
2025-03-21,0.0,139.3372552047155,CASH,CASH,,,"ADA,APT,DOGE,PENDLE,XLM"
2025-03-22,0.0,139.3372552047155,CASH,CASH,,,
2025-03-23,0.0,139.3372552047155,CASH,CASH,,,"ADA,APT,DOGE,PENDLE,XLM"
2025-03-24,0.0,139.3372552047155,CASH,CASH,,,"ADA,APT,DOGE,PENDLE,XLM"
2025-03-25,0.0,139.3372552047155,CASH,CASH,,,"ADA,APT,DOGE,PENDLE,XLM"
2025-03-26,0.0,139.3372552047155,CASH,CASH,,,"ADA,APT,DOGE,PENDLE,XLM"
2025-03-27,0.0,139.3372552047155,CASH,CASH,,,"ADA,APT,DOGE,PENDLE,XLM"
2025-03-28,0.0,139.3372552047155,CASH,CASH,,,"ADA,APT,DOGE,PENDLE,XLM"
2025-03-29,0.0,139.3372552047155,CASH,CASH,,,
2025-03-30,0.0,139.3372552047155,CASH,CASH,,,"ADA,APT,DOGE,PENDLE,XLM"
2025-03-31,0.0,139.3372552047155,CASH,CASH,,,"ADA,APT,DOGE,PENDLE,XLM"
2025-04-01,0.0,139.3372552047155,CASH,CASH,,,"ADA,APT,DOGE,PENDLE,XLM"
2025-04-02,0.0,139.3372552047155,CASH,CASH,,,"ADA,APT,DOGE,PENDLE,XLM"
2025-04-03,0.0,139.3372552047155,CASH,CASH,,,"ADA,APT,DOGE,PENDLE,XLM"
2025-04-04,0.0,139.3372552047155,CASH,CASH,,,"ADA,APT,DOGE,PENDLE,XLM"
2025-04-05,0.0,139.3372552047155,CASH,CASH,,,
2025-04-06,0.0,139.3372552047155,CASH,CASH,,,"ADA,APT,DOGE,PENDLE,XLM"
2025-04-07,0.0,139.3372552047155,CASH,CASH,,,"ADA,APT,DOGE,PENDLE,XLM"
2025-04-08,0.0,139.3372552047155,CASH,CASH,,,"ADA,APT,DOGE,PENDLE,XLM"
2025-04-09,0.0,139.3372552047155,CASH,CASH,,,"ADA,APT,DOGE,PENDLE,XLM"
2025-04-10,0.0,139.3372552047155,CASH,CASH,,,"ADA,APT,DOGE,PENDLE,XLM"
2025-04-11,0.0,139.3372552047155,CASH,CASH,,,"ADA,APT,DOGE,PENDLE,XLM"
2025-04-12,0.0,139.3372552047155,CASH,CASH,,,
2025-04-13,0.0,139.3372552047155,CASH,CASH,,,"ADA,DOGE,PENDLE,XLM"
2025-04-14,0.0,139.3372552047155,CASH,CASH,,,"ADA,DOGE,PENDLE,XLM"
2025-04-15,0.0,139.3372552047155,CASH,CASH,,,"ADA,DOGE,PENDLE,XLM"
2025-04-16,0.0,139.3372552047155,CASH,CASH,,,"ADA,DOGE,PENDLE,XLM"
2025-04-17,0.0,139.3372552047155,CASH,CASH,,,"ADA,DOGE,PENDLE,XLM"
2025-04-18,0.0,139.3372552047155,CASH,CASH,,,"ADA,DOGE,PENDLE,XLM"
2025-04-19,0.0,139.3372552047155,CASH,CASH,,,
2025-04-20,0.0,139.3372552047155,CASH,CASH,,,"ADA,DOGE,PENDLE,XLM"
2025-04-21,0.0,139.3372552047155,CASH,CASH,,,"ADA,DOGE,PENDLE,XLM"
2025-04-22,0.0,139.3372552047155,CASH,CASH,,,"ADA,DOGE,PENDLE,XLM"
2025-04-23,0.0,139.3372552047155,BASE,0.0,,,"ADA,DOGE,PENDLE,XLM"
2025-04-24,0.0,139.3372552047155,BASE,0.0,,,"ADA,DOGE,PENDLE,XLM"
2025-04-25,0.0,139.3372552047155,BASE,0.0,,,"ADA,DOGE,PENDLE,XLM"
2025-04-26,0.0,139.3372552047155,BASE,0.0,,,
2025-04-27,0.0,139.3372552047155,BASE,0.0,,,"ADA,DOGE,XLM"
2025-04-28,0.0,139.3372552047155,BASE,0.0,,,"ADA,DOGE,XLM"
2025-04-29,0.0,139.3372552047155,BASE,0.0,,,"ADA,DOGE,XLM"
2025-04-30,0.0,139.3372552047155,BASE,0.0,,,"ADA,DOGE,XLM"
2025-05-01,0.0,139.3372552047155,BASE,0.0,,,"ADA,DOGE,XLM"
2025-05-02,0.0,139.3372552047155,BASE,0.0,,,"ADA,DOGE,XLM"
2025-05-03,0.0,139.3372552047155,BASE,0.0,,,
2025-05-04,-0.0164704669755035,137.04230554440892,BTC,BTC,,,"ADA,DOGE,XLM"
2025-05-05,0.0048374152847727,137.70523608790995,BTC,BTC,,,"ADA,DOGE,XLM"
2025-05-06,0.0221709955741191,140.75829826774805,BTC,BTC,,,"ADA,DOGE,XLM"
2025-05-07,0.0020290389679165,141.04390233999092,BTC,BTC,,,"ADA,DOGE,XLM"
2025-05-08,0.0642179520872303,150.10145290265646,BTC,BTC,,,"ADA,DOGE,XLM"
2025-05-09,-0.0028046243714991,149.68047470964825,BTC,BTC,,,"ADA,DOGE,XLM"
2025-05-10,0.0178450469880206,152.35152981403118,BTC,BTC,,,
2025-05-11,-0.0065979687152494,151.3463191865978,BTC,BTC,,,"ADA,DOGE,XLM"
2025-05-12,-0.0127420811002899,149.41785211329181,BTC,BTC,,,"ADA,DOGE,XLM"
2025-05-13,0.0127676150087381,151.32556172450688,BTC,BTC,,,"ADA,DOGE,XLM"
2025-05-14,-0.0057240990043391,150.45935922730857,BTC,BTC,,,"ADA,DOGE,XLM"
2025-05-15,0.0024721803627976,150.83132190058944,BTC,BTC,,,"ADA,DOGE,XLM"
2025-05-16,-0.0028893531274085,150.39551694894482,BTC,BTC,,,"ADA,DOGE,XLM"
2025-05-17,-0.0032595910264353,149.90528907148195,BTC,BTC,,,
2025-05-18,0.0322672170578604,154.74231557207276,BTC,BTC,,,"ADA,XLM"
2025-05-19,-0.0082713458343516,153.46238836476778,BTC,BTC,,,"ADA,XLM"
2025-05-20,0.0120887069076078,155.31755019905094,BTC,BTC,,,"ADA,XLM"
2025-05-21,0.0261488091856629,159.37891918239055,BTC,BTC,,,"ADA,XLM"
2025-05-22,0.0187171225709681,162.36203394795578,BTC,BTC,,,"ADA,XLM"
2025-05-23,-0.0391947945234668,155.9982873889535,BTC,BTC,,,"ADA,XLM"
2025-05-24,0.0041335913818985,156.64312056529542,BTC,BTC,,,
2025-05-25,0.0115280065099068,158.44890347890427,BTC,BTC,,,
2025-05-26,0.0039503068643507,159.07482526996583,BTC,BTC,,,
2025-05-27,-0.0045380449855114,158.35293655682835,BTC,BTC,,,
2025-05-28,-0.0106151039621833,156.6720036725606,BTC,BTC,,,
2025-05-29,-0.0203376674610494,153.48566056141178,BTC,BTC,,,
2025-05-30,-0.0151934254982136,151.15368761262786,BTC,BTC,,,
2025-05-31,0.0058315834095299,152.03515294959894,BTC,BTC,,,
2025-06-01,0.0,152.03515294959894,BASE,0.0,,,
2025-06-02,0.0,152.03515294959894,BASE,0.0,,,
2025-06-03,0.0,152.03515294959894,BASE,0.0,,,
2025-06-04,0.0,152.03515294959894,BASE,0.0,,,
2025-06-05,0.0,152.03515294959894,BASE,0.0,,,
2025-06-06,0.0,152.03515294959894,BASE,0.0,,,
2025-06-07,0.0,152.03515294959894,BASE,0.0,,,
2025-06-08,0.0,152.03515294959894,BASE,0.0,,,"CAKE,ZEC"
2025-06-09,0.0,152.03515294959894,BASE,0.0,,,"CAKE,ZEC"
2025-06-10,0.0,152.03515294959894,BASE,0.0,,,"CAKE,ZEC"
2025-06-11,0.0,152.03515294959894,BASE,0.0,,,"CAKE,ZEC"
2025-06-12,0.0,152.03515294959894,BASE,0.0,,,"CAKE,ZEC"
2025-06-13,0.0,152.03515294959894,BASE,0.0,,,"CAKE,ZEC"
2025-06-14,0.0,152.03515294959894,BASE,0.0,,,
2025-06-15,0.0,152.03515294959894,BASE,0.0,CAKE,CAKE,"CAKE,QNT,ZEC"
2025-06-16,0.0,152.03515294959894,BASE,0.0,CAKE,CAKE,"CAKE,QNT,ZEC"
2025-06-17,0.0,152.03515294959894,BASE,0.0,CAKE,CAKE,"CAKE,QNT,ZEC"
2025-06-18,0.0,152.03515294959894,BASE,0.0,CAKE,CAKE,"CAKE,QNT,ZEC"
2025-06-19,0.0,152.03515294959894,BASE,0.0,CAKE,CAKE,"CAKE,QNT,ZEC"
2025-06-20,0.0,152.03515294959894,BASE,0.0,CAKE,CAKE,"CAKE,QNT,ZEC"
2025-06-21,0.0,152.03515294959894,BASE,0.0,,,
2025-06-22,0.0,152.03515294959894,BASE,0.0,CAKE,CAKE,"CAKE,QNT,ZEC"
2025-06-23,0.0,152.03515294959894,BASE,0.0,CAKE,CAKE,"CAKE,QNT,ZEC"
2025-06-24,0.0,152.03515294959894,BASE,0.0,CAKE,CAKE,"CAKE,QNT,ZEC"
2025-06-25,0.0,152.03515294959894,BASE,0.0,CAKE,CAKE,"CAKE,QNT,ZEC"
2025-06-26,0.0,152.03515294959894,BASE,0.0,CAKE,CAKE,"CAKE,QNT,ZEC"
2025-06-27,0.0,152.03515294959894,BASE,0.0,CAKE,CAKE,"CAKE,QNT,ZEC"
2025-06-28,0.0,152.03515294959894,BASE,0.0,,,
2025-06-29,0.0,152.03515294959894,BASE,0.0,CAKE,CAKE,"CAKE,QNT,ZEC"
2025-06-30,0.0,152.03515294959894,BASE,0.0,CAKE,CAKE,"CAKE,QNT,ZEC"
2025-07-01,0.0,152.03515294959894,BASE,0.0,CAKE,CAKE,"CAKE,QNT,ZEC"
2025-07-02,0.0,152.03515294959894,BASE,0.0,CAKE,CAKE,"CAKE,QNT,ZEC"
2025-07-03,0.0,152.03515294959894,BASE,0.0,CAKE,CAKE,"CAKE,QNT,ZEC"
2025-07-04,0.0,152.03515294959894,BASE,0.0,CAKE,CAKE,"CAKE,QNT,ZEC"
2025-07-05,0.0,152.03515294959894,BASE,0.0,,,
2025-07-06,0.0,152.03515294959894,BASE,0.0,CAKE,CAKE,"BCH,CAKE,QNT,ZEC"
2025-07-07,0.0,152.03515294959894,BASE,0.0,CAKE,CAKE,"BCH,CAKE,QNT,ZEC"
2025-07-08,0.0,152.03515294959894,BASE,0.0,CAKE,CAKE,"BCH,CAKE,QNT,ZEC"
2025-07-09,0.0414366059780828,158.33497367718903,BASE,0.0,CAKE,CAKE,"BCH,CAKE,QNT,ZEC"
2025-07-10,0.0130821480906819,160.40633525076825,BASE,0.045067248205312,CAKE,CAKE,"BCH,CAKE,QNT,ZEC"
2025-07-11,-0.0009160396795103,160.2593966828337,BASE,0.0595887325186386,CAKE,CAKE,"BCH,CAKE,QNT,ZEC"
2025-07-12,0.0141938340998126,162.53409197228592,BASE,0.0052364118961937,,,
2025-07-13,0.0109938022159938,164.3209596327854,BASE,0.0250218521746972,,,"BCH,CAKE,QNT,ZEC"
2025-07-14,0.0412361213424383,171.09691866330886,BASE,0.0290582763425901,,,"BCH,CAKE,QNT,ZEC"
2025-07-15,0.0744003135865185,183.8265830655461,BASE,0.017559739428963,,,"BCH,CAKE,QNT,ZEC"
2025-07-16,0.0312990345113974,189.5801776330269,BASE,0.0,,,"BCH,CAKE,QNT,ZEC"
2025-07-17,0.0201474314541527,193.3997312669544,BASE,0.1146522492279047,,,"BCH,CAKE,QNT,ZEC"
2025-07-18,0.0127124378333878,195.85831332767947,BASE,0.0602154385174407,,,"BCH,CAKE,QNT,ZEC"
2025-07-19,0.0458461975328576,204.8376722489526,BASE,0.0996437992648131,,,
2025-07-20,0.0015013216421901,205.1451994794358,BASE,0.0880228328279093,,,"CAKE,QNT,ZEC"
2025-07-21,-0.00428457897101,204.26623867174257,BASE,0.0772618377030118,,,"CAKE,QNT,ZEC"
2025-07-22,-0.0314771462357955,197.83652040603624,BASE,0.0552757909064278,,,"CAKE,QNT,ZEC"
2025-07-23,0.0216768780885761,202.12499854034598,BASE,0.0214864347638883,,,"CAKE,QNT,ZEC"
2025-07-24,0.0048611523250983,203.1075589469609,BASE,0.0,,,"CAKE,QNT,ZEC"
2025-07-25,0.0043329324341736,203.98761027674803,BASE,0.0171388476749017,,,"CAKE,QNT,ZEC"
2025-07-26,0.0350164390152631,211.13052999187306,BASE,0.0344009284571216,,,
2025-07-27,-0.0188786446631028,207.1446717386239,BASE,0.0289072206804348,,,"CAKE,ZEC"
2025-07-28,-0.0013714135298762,206.8605907331598,BASE,0.0266935868325307,,,"CAKE,ZEC"
2025-07-29,0.0042727720827984,207.74445889027564,BASE,0.051309378790422,,,"CAKE,ZEC"
2025-07-30,-0.0292939632545931,201.65880034519859,BASE,0.013972712620482,,,"CAKE,ZEC"
2025-07-31,-0.0568328380727831,190.1979583992282,BASE,0.0219634806644892,,,"CAKE,ZEC"
2025-08-01,-0.0270225331116336,185.05832777061997,BASE,0.0615458176184519,,,"CAKE,ZEC"
2025-08-02,-0.0015,184.78074027896406,BASE,0.0230027433775579,,,
2025-08-03,0.0626311621681909,196.35377278893424,BASE,0.0,,,ZEC
2025-08-04,-0.0292905920198656,190.60245453861216,BASE,0.0339755503963528,,,ZEC
2025-08-05,0.0074853205512284,192.0291750086846,BASE,0.0322953997121733,,,ZEC
2025-08-06,0.0032611918173732,192.65541898291985,BASE,0.0166904964749465,,,ZEC
2025-08-07,-0.0017730496453899,192.31383136060973,BASE,0.1067093846170255,,,ZEC
2025-08-08,0.059631250779399,203.7817456668213,BASE,0.0780717509440913,,,ZEC
2025-08-09,-0.0023588116283547,203.30106291549598,BASE,0.0404356169933513,,,
2025-08-10,-0.0064344311468813,201.99293622407845,BASE,0.0320642534655986,,,ZEC
2025-08-11,0.0869715525120642,219.56057548395694,BASE,0.0262393380342593,,,ZEC
2025-08-12,0.0345886740499985,227.15488466360162,BASE,0.0331043848396206,,,ZEC
2025-08-13,-0.0426294401280187,217.47139910804762,BASE,0.0404321320372682,,,ZEC
2025-08-14,-0.023614202391111,212.3359854752321,BASE,0.066517960366904,,,ZEC
2025-08-15,-0.0039374069427206,211.4999322918325,BASE,0.0461322972887968,,,ZEC
2025-08-16,0.0113840148892241,213.90765067011262,BASE,0.0443785834133088,,,
2025-08-17,-0.0356279612640391,206.28655717795624,BASE,0.1211248190330374,,,ZEC
2025-08-18,-0.0550430211987507,194.9319218381927,BASE,0.0410881796727755,,,ZEC
2025-08-19,0.0639343015367099,207.3947581081261,BASE,0.0476208116640661,,,ZEC
2025-08-20,-0.0255663997638462,202.09242081340756,BASE,0.0587312332680438,,,ZEC
2025-08-21,0.143604004449388,231.11370171108373,BASE,0.0233097001869775,,,ZEC
2025-08-22,-0.0111070410817722,228.5467123316183,BASE,0.0,,,ZEC
2025-08-23,0.0003662313745187,228.63041330821724,BASE,0.0511070410817724,,,
2025-08-24,-0.0845099003169355,209.30887987012005,BASE,0.0086471907867431,,,"LINK,ZEC"
2025-08-25,0.0512890237604486,220.04412798305154,BASE,0.0547142968824155,,,"LINK,ZEC"
2025-08-26,-0.0204145953923702,215.5520161418106,BASE,0.0025522860632289,,,"LINK,ZEC"
2025-08-27,0.0009985111089907,215.76724722449356,BASE,0.0566139214415888,,,"LINK,ZEC"
2025-08-28,-0.0334788227548705,208.54361379835842,BASE,0.0578744914141378,,,"LINK,ZEC"
2025-08-29,0.0031007894169505,209.190263628997,BASE,0.020690747606325,,,"LINK,ZEC"
2025-08-30,0.0041452317259986,210.05740574656195,BASE,0.0067031321516768,,,
2025-08-31,-0.0176076942868916,206.35877916347894,BASE,0.0017544732887506,,,"LINK,ZEC"
2025-09-01,0.0042367798694542,207.23307588492392,BASE,0.0267633840630366,,,"LINK,ZEC"
2025-09-02,0.0256513347971802,212.54888089549758,BASE,0.0552505503555611,,,"LINK,ZEC"
2025-09-03,-0.043091094558049,203.38991697062218,BASE,0.0016021402641444,,,"LINK,ZEC"
2025-09-04,0.0051403716884144,204.43541674152692,BASE,0.0313642353849593,,,"LINK,ZEC"
2025-09-05,-0.0157356412273801,201.2184943695123,BASE,0.021302233031714,,,"LINK,ZEC"
2025-09-06,0.0309252597921663,207.44122858287804,BASE,0.0283335662750194,,,
2025-09-07,0.0376060092076568,215.2422653350134,BASE,0.0284403340953076,,,"LINK,ZEC"
2025-09-08,0.014478539068703,218.35865888290252,BASE,0.0186513671965919,,,"LINK,ZEC"
2025-09-09,0.0315823396712857,225.25493621790878,BASE,0.0108279061665679,,,"LINK,ZEC"
2025-09-10,0.020797072343464,229.93957942215502,BASE,0.1053247177911129,,,"LINK,ZEC"
2025-09-11,0.0588029554496569,243.46070626702885,BASE,0.0226900486216483,,,"LINK,ZEC"
2025-09-12,0.0008258320257659,243.66176391527975,BASE,0.0172428204359815,,,"LINK,ZEC"
2025-09-13,-0.0108094727287729,241.02790872319284,BASE,0.0495552932010943,,,
2025-09-14,-0.037717225500072,231.93700473806942,BASE,0.0073779600035798,,,"LINK,ZEC"
2025-09-15,0.0061123327494316,233.35468088793502,BASE,0.0472851602826805,,,"LINK,ZEC"
2025-09-16,0.0467123541396552,244.25522738171847,BASE,0.0329990973131988,,,"LINK,ZEC"
2025-09-17,0.1029082338152105,269.39110143170376,BASE,0.0111333905411958,,,"LINK,ZEC"
2025-09-18,-0.0409207161125318,258.36742464677474,BASE,0.0,,,"LINK,ZEC"
2025-09-19,-0.017185185185185,253.92733260840058,BASE,0.0440398549855646,,,"LINK,ZEC"
2025-09-20,-0.0039192041000905,252.93213956531667,BASE,0.0778192670874308,,,
2025-09-21,0.024818401937046,259.20951106784577,BASE,0.0077802079610943,,,"LINK,QNT,ZEC"
2025-09-22,0.0202450397824556,264.4572179314052,BASE,0.0,,,"LINK,QNT,ZEC"
2025-09-23,0.0024705210732491,265.11056506127755,BASE,0.0,,,"LINK,QNT,ZEC"
2025-09-24,-0.07127217743915,246.21555782723684,BASE,0.0332854884144837,,,"LINK,QNT,ZEC"
2025-09-25,0.0162829165411269,250.22466520646475,BASE,0.0526441466881152,,,"LINK,QNT,ZEC"
2025-09-26,0.0049621149042466,251.4663087470959,BASE,0.0452081076365218,,,"LINK,QNT,ZEC"
2025-09-27,0.0253601115184056,257.8435223800441,BASE,0.0,,,
2025-09-28,0.0370389019244519,267.39376331733376,BASE,0.0188291717105435,,,"LINK,QNT,ZEC"
2025-09-29,-0.020664407306344,261.8682296809682,BASE,0.0,,,"LINK,QNT,ZEC"
2025-09-30,0.0178381969440062,266.5394867353956,BASE,0.022029002269748,,,"LINK,QNT,ZEC"
2025-10-01,0.0620750121773019,283.08492862022706,BASE,0.059070485690724,,,"LINK,QNT,ZEC"
2025-10-02,0.0909724642732658,308.8378621754307,BASE,0.0,,,"LINK,QNT,ZEC"
2025-10-03,-0.0324953758197411,298.8020597766747,BASE,0.0,,,"LINK,QNT,ZEC"
2025-10-04,0.0144514447099719,303.12018122276305,BASE,0.033796180846248,,,
2025-10-05,0.0478079117339682,317.61172409144535,BASE,0.0,ZEC,ZEC,"LINK,QNT,ZEC"
2025-10-06,0.0664165011159345,338.70638351899873,BASE,0.0160527559002841,ZEC,ZEC,"LINK,QNT,ZEC"
2025-10-07,0.0022768565580366,339.47756936956284,BASE,0.0,ZEC,ZEC,"LINK,QNT,ZEC"
2025-10-08,-0.0398118402937128,325.962342594524,BASE,0.0388651173474956,ZEC,ZEC,"LINK,QNT,ZEC"
2025-10-09,-0.1217827697454891,286.26574568063484,BASE,0.1013632736832577,ZEC,ZEC,"LINK,QNT,ZEC"
2025-10-10,-0.0220327613104526,279.9585208346947,BASE,0.0731036364715207,ZEC,ZEC,"LINK,QNT,ZEC"
2025-10-11,0.0263994910941474,287.3492833122009,BASE,0.0567503628578411,,,
2025-10-12,0.0,287.3492833122009,BASE,0.1212389805419633,ZEC,ZEC,"LINK,QNT,ZEC"
2025-10-13,-0.0182832352029745,282.0956087799978,BASE,0.0593401015228425,ZEC,ZEC,"LINK,QNT,ZEC"
2025-10-14,0.0075757575757573,284.23269672530074,BASE,0.0,ZEC,ZEC,"LINK,QNT,ZEC"
2025-10-15,-0.0015,283.8063476802128,BASE,0.0,ZEC,ZEC,"LINK,QNT,ZEC"
2025-10-16,0.0,283.8063476802128,BASE,0.0,ZEC,ZEC,"LINK,QNT,ZEC"
2025-10-17,0.0,283.8063476802128,CASH,CASH,ZEC,ZEC,"LINK,QNT,ZEC"
2025-10-18,0.0,283.8063476802128,CASH,CASH,,,
2025-10-19,0.0,283.8063476802128,CASH,CASH,ZEC,ZEC,"LINK,QNT,ZEC"
2025-10-20,0.0,283.8063476802128,CASH,CASH,ZEC,ZEC,"LINK,QNT,ZEC"
2025-10-21,0.0,283.8063476802128,BASE,0.0,ZEC,ZEC,"LINK,QNT,ZEC"
2025-10-22,0.0,283.8063476802128,CASH,CASH,ZEC,ZEC,"LINK,QNT,ZEC"
2025-10-23,0.0,283.8063476802128,CASH,CASH,ZEC,ZEC,"LINK,QNT,ZEC"
2025-10-24,0.0,283.8063476802128,BASE,0.0,ZEC,ZEC,"LINK,QNT,ZEC"
2025-10-25,0.0,283.8063476802128,BASE,0.0,,,
2025-10-26,0.0,283.8063476802128,BASE,0.0,ZEC,ZEC,"LINK,QNT,ZEC"
2025-10-27,0.0,283.8063476802128,BASE,0.0,ZEC,ZEC,"LINK,QNT,ZEC"
2025-10-28,0.0,283.8063476802128,BASE,0.0,ZEC,ZEC,"LINK,QNT,ZEC"
2025-10-29,0.0,283.8063476802128,BASE,0.0,ZEC,ZEC,"LINK,QNT,ZEC"
2025-10-30,0.0,283.8063476802128,BASE,0.0,ZEC,ZEC,"LINK,QNT,ZEC"
2025-10-31,0.0,283.8063476802128,CASH,CASH,ZEC,ZEC,"LINK,QNT,ZEC"
2025-11-01,0.0,283.8063476802128,BASE,0.0,,,
2025-11-02,0.0,283.8063476802128,BASE,0.0,ZEC,ZEC,"LINK,QNT,ZEC"
2025-11-03,0.0,283.8063476802128,BASE,0.0,ZEC,ZEC,"LINK,QNT,ZEC"
2025-11-04,0.0,283.8063476802128,CASH,CASH,ZEC,ZEC,"LINK,QNT,ZEC"
2025-11-05,0.0,283.8063476802128,CASH,CASH,ZEC,ZEC,"LINK,QNT,ZEC"
2025-11-06,0.0,283.8063476802128,CASH,CASH,ZEC,ZEC,"LINK,QNT,ZEC"
2025-11-07,0.0,283.8063476802128,CASH,CASH,ZEC,ZEC,"LINK,QNT,ZEC"
2025-11-08,0.0,283.8063476802128,CASH,CASH,,,
2025-11-09,0.0,283.8063476802128,CASH,CASH,,,"LINK,QNT,ZEC"
2025-11-10,0.0,283.8063476802128,CASH,CASH,,,"LINK,QNT,ZEC"
2025-11-11,0.0,283.8063476802128,CASH,CASH,,,"LINK,QNT,ZEC"
2025-11-12,0.0,283.8063476802128,CASH,CASH,,,"LINK,QNT,ZEC"
2025-11-13,0.0,283.8063476802128,CASH,CASH,,,"LINK,QNT,ZEC"
2025-11-14,0.0,283.8063476802128,CASH,CASH,,,"LINK,QNT,ZEC"
2025-11-15,0.0,283.8063476802128,CASH,CASH,,,
2025-11-16,0.0,283.8063476802128,CASH,CASH,,,"LINK,QNT,ZEC"
2025-11-17,0.0,283.8063476802128,CASH,CASH,,,"LINK,QNT,ZEC"
2025-11-18,0.0,283.8063476802128,CASH,CASH,,,"LINK,QNT,ZEC"
2025-11-19,0.0,283.8063476802128,CASH,CASH,,,"LINK,QNT,ZEC"
2025-11-20,0.0,283.8063476802128,CASH,CASH,,,"LINK,QNT,ZEC"
2025-11-21,0.0,283.8063476802128,CASH,CASH,,,"LINK,QNT,ZEC"
2025-11-22,0.0,283.8063476802128,CASH,CASH,,,
2025-11-23,0.0,283.8063476802128,CASH,CASH,,,"LINK,QNT,ZEC"
2025-11-24,0.0,283.8063476802128,CASH,CASH,,,"LINK,QNT,ZEC"
2025-11-25,0.0,283.8063476802128,CASH,CASH,,,"LINK,QNT,ZEC"
2025-11-26,0.0,283.8063476802128,CASH,CASH,,,"LINK,QNT,ZEC"
2025-11-27,0.0,283.8063476802128,CASH,CASH,,,"LINK,QNT,ZEC"
2025-11-28,0.0,283.8063476802128,CASH,CASH,,,"LINK,QNT,ZEC"
2025-11-29,0.0,283.8063476802128,CASH,CASH,,,
2025-11-30,0.0,283.8063476802128,CASH,CASH,,,"LINK,ZEC"
2025-12-01,0.0,283.8063476802128,CASH,CASH,,,"LINK,ZEC"
2025-12-02,0.0,283.8063476802128,CASH,CASH,,,"LINK,ZEC"
2025-12-03,0.0,283.8063476802128,CASH,CASH,,,"LINK,ZEC"
2025-12-04,0.0,283.8063476802128,CASH,CASH,,,"LINK,ZEC"
2025-12-05,0.0,283.8063476802128,CASH,CASH,,,"LINK,ZEC"
2025-12-06,0.0,283.8063476802128,CASH,CASH,,,
2025-12-07,0.0,283.8063476802128,CASH,CASH,,,"LINK,ZEC"
2025-12-08,0.0,283.8063476802128,CASH,CASH,,,"LINK,ZEC"
2025-12-09,0.0,283.8063476802128,CASH,CASH,,,"LINK,ZEC"
2025-12-10,0.0,283.8063476802128,CASH,CASH,,,"LINK,ZEC"
2025-12-11,0.0,283.8063476802128,CASH,CASH,,,"LINK,ZEC"
2025-12-12,0.0,283.8063476802128,CASH,CASH,,,"LINK,ZEC"
2025-12-13,0.0,283.8063476802128,CASH,CASH,,,
2025-12-14,0.0,283.8063476802128,CASH,CASH,,,"LINK,ZEC"
2025-12-15,0.0,283.8063476802128,CASH,CASH,,,"LINK,ZEC"
2025-12-16,0.0,283.8063476802128,CASH,CASH,,,"LINK,ZEC"
2025-12-17,0.0,283.8063476802128,CASH,CASH,,,"LINK,ZEC"
2025-12-18,0.0,283.8063476802128,CASH,CASH,,,"LINK,ZEC"
2025-12-19,0.0,283.8063476802128,CASH,CASH,,,"LINK,ZEC"
2025-12-20,0.0,283.8063476802128,CASH,CASH,,,
2025-12-21,0.0,283.8063476802128,CASH,CASH,,,"LINK,ZEC"
2025-12-22,0.0,283.8063476802128,CASH,CASH,,,"LINK,ZEC"
2025-12-23,0.0,283.8063476802128,CASH,CASH,,,"LINK,ZEC"
2025-12-24,0.0,283.8063476802128,CASH,CASH,,,"LINK,ZEC"
2025-12-25,0.0,283.8063476802128,CASH,CASH,,,"LINK,ZEC"
2025-12-26,0.0,283.8063476802128,CASH,CASH,,,"LINK,ZEC"
2025-12-27,0.0,283.8063476802128,CASH,CASH,,,
2025-12-28,0.0,283.8063476802128,CASH,CASH,,,"ETH,LINK,ZEC"
2025-12-29,0.0,283.8063476802128,CASH,CASH,,,"ETH,LINK,ZEC"
2025-12-30,0.0,283.8063476802128,CASH,CASH,,,"ETH,LINK,ZEC"
2025-12-31,0.0,283.8063476802128,CASH,CASH,,,"ETH,LINK,ZEC"
2026-01-01,0.0,283.8063476802128,CASH,CASH,,,"ETH,LINK,ZEC"
2026-01-02,0.0,283.8063476802128,CASH,CASH,,,"ETH,LINK,ZEC"
2026-01-03,0.0,283.8063476802128,CASH,CASH,,,
2026-01-04,0.0,283.8063476802128,CASH,CASH,,,"ETH,LINK,ZEC"
2026-01-05,0.0,283.8063476802128,CASH,CASH,,,"ETH,LINK,ZEC"
2026-01-06,0.0,283.8063476802128,CASH,CASH,,,"ETH,LINK,ZEC"
2026-01-07,0.0,283.8063476802128,CASH,CASH,,,"ETH,LINK,ZEC"
2026-01-08,0.0,283.8063476802128,CASH,CASH,,,"ETH,LINK,ZEC"
2026-01-09,0.0,283.8063476802128,CASH,CASH,,,"ETH,LINK,ZEC"
2026-01-10,0.0,283.8063476802128,CASH,CASH,,,
2026-01-11,0.0,283.8063476802128,CASH,CASH,,,"ETH,LINK,ZEC"
2026-01-12,0.0,283.8063476802128,CASH,CASH,,,"ETH,LINK,ZEC"
2026-01-13,0.0,283.8063476802128,CASH,CASH,,,"ETH,LINK,ZEC"
2026-01-14,0.0,283.8063476802128,CASH,CASH,,,"ETH,LINK,ZEC"
2026-01-15,0.0,283.8063476802128,CASH,CASH,,,"ETH,LINK,ZEC"
2026-01-16,0.0,283.8063476802128,CASH,CASH,,,"ETH,LINK,ZEC"
2026-01-17,0.0,283.8063476802128,CASH,CASH,,,
2026-01-18,0.0,283.8063476802128,CASH,CASH,,,"ETH,LINK,ZEC"
2026-01-19,0.0,283.8063476802128,CASH,CASH,,,"ETH,LINK,ZEC"
2026-01-20,0.0,283.8063476802128,CASH,CASH,,,"ETH,LINK,ZEC"
2026-01-21,0.0,283.8063476802128,CASH,CASH,,,"ETH,LINK,ZEC"
2026-01-22,0.0,283.8063476802128,CASH,CASH,,,"ETH,LINK,ZEC"
2026-01-23,0.0,283.8063476802128,CASH,CASH,,,"ETH,LINK,ZEC"
2026-01-24,0.0,283.8063476802128,CASH,CASH,,,
2026-01-25,0.0,283.8063476802128,CASH,CASH,,,"ETH,LINK,ZEC"
2026-01-26,0.0,283.8063476802128,CASH,CASH,,,"ETH,LINK,ZEC"
2026-01-27,0.0,283.8063476802128,CASH,CASH,,,"ETH,LINK,ZEC"
2026-01-28,0.0,283.8063476802128,CASH,CASH,,,"ETH,LINK,ZEC"
2026-01-29,0.0,283.8063476802128,CASH,CASH,,,"ETH,LINK,ZEC"
2026-01-30,0.0,283.8063476802128,CASH,CASH,,,"ETH,LINK,ZEC"
2026-01-31,0.0,283.8063476802128,CASH,CASH,,,
2026-02-01,0.0,283.8063476802128,CASH,CASH,,,"ETH,LINK,ZEC"
2026-02-02,0.0,283.8063476802128,CASH,CASH,,,"ETH,LINK,ZEC"
2026-02-03,0.0,283.8063476802128,CASH,CASH,,,"ETH,LINK,ZEC"
2026-02-04,0.0,283.8063476802128,CASH,CASH,,,"ETH,LINK,ZEC"
2026-02-05,0.0,283.8063476802128,CASH,CASH,,,"ETH,LINK,ZEC"
2026-02-06,0.0,283.8063476802128,CASH,CASH,,,"ETH,LINK,ZEC"
2026-02-07,0.0,283.8063476802128,CASH,CASH,,,
2026-02-08,0.0,283.8063476802128,CASH,CASH,,,"ADA,ETH,LINK,ZEC,ZRO"
2026-02-09,0.0,283.8063476802128,CASH,CASH,,,"ADA,ETH,LINK,ZEC,ZRO"
2026-02-10,0.0,283.8063476802128,CASH,CASH,,,"ADA,ETH,LINK,ZEC,ZRO"
2026-02-11,0.0,283.8063476802128,CASH,CASH,,,"ADA,ETH,LINK,ZEC,ZRO"
2026-02-12,0.0,283.8063476802128,CASH,CASH,,,"ADA,ETH,LINK,ZEC,ZRO"
2026-02-13,0.0,283.8063476802128,CASH,CASH,,,"ADA,ETH,LINK,ZEC,ZRO"
2026-02-14,0.0,283.8063476802128,CASH,CASH,,,
2026-02-15,0.0,283.8063476802128,CASH,CASH,ZRO,ZRO,"ADA,ETH,LINK,ZEC,ZRO"
2026-02-16,0.0,283.8063476802128,CASH,CASH,ZRO,ZRO,"ADA,ETH,LINK,ZEC,ZRO"
2026-02-17,0.0,283.8063476802128,CASH,CASH,ZRO,ZRO,"ADA,ETH,LINK,ZEC,ZRO"
2026-02-18,0.0,283.8063476802128,CASH,CASH,ZRO,ZRO,"ADA,ETH,LINK,ZEC,ZRO"
2026-02-19,0.0,283.8063476802128,CASH,CASH,ZRO,ZRO,"ADA,ETH,LINK,ZEC,ZRO"
2026-02-20,0.0,283.8063476802128,CASH,CASH,ZRO,ZRO,"ADA,ETH,LINK,ZEC,ZRO"
2026-02-21,0.0,283.8063476802128,CASH,CASH,,,
2026-02-22,0.0,283.8063476802128,CASH,CASH,ZRO,ZRO,"ADA,ETH,ZEC,ZRO"
2026-02-23,0.0,283.8063476802128,CASH,CASH,ZRO,ZRO,"ADA,ETH,ZEC,ZRO"
2026-02-24,0.0,283.8063476802128,CASH,CASH,ZRO,ZRO,"ADA,ETH,ZEC,ZRO"
2026-02-25,0.0,283.8063476802128,CASH,CASH,ZRO,ZRO,"ADA,ETH,ZEC,ZRO"
2026-02-26,0.0,283.8063476802128,CASH,CASH,ZRO,ZRO,"ADA,ETH,ZEC,ZRO"
2026-02-27,0.0,283.8063476802128,CASH,CASH,ZRO,ZRO,"ADA,ETH,ZEC,ZRO"
2026-02-28,0.0,283.8063476802128,CASH,CASH,,,
2026-03-01,0.0,283.8063476802128,CASH,CASH,ZRO,ZRO,"ADA,ZEC,ZRO"
2026-03-02,0.0,283.8063476802128,CASH,CASH,ZRO,ZRO,"ADA,ZEC,ZRO"
2026-03-03,0.0,283.8063476802128,CASH,CASH,ZRO,ZRO,"ADA,ZEC,ZRO"
2026-03-04,0.0,283.8063476802128,CASH,CASH,ZRO,ZRO,"ADA,ZEC,ZRO"
2026-03-05,0.0,283.8063476802128,CASH,CASH,ZRO,ZRO,"ADA,ZEC,ZRO"
2026-03-06,0.0,283.8063476802128,CASH,CASH,ZRO,ZRO,"ADA,ZEC,ZRO"
2026-03-07,0.0,283.8063476802128,CASH,CASH,,,
2026-03-08,0.0,283.8063476802128,CASH,CASH,ZRO,ZRO,"ADA,ZEC,ZRO"
2026-03-09,0.0,283.8063476802128,CASH,CASH,ZRO,ZRO,"ADA,ZEC,ZRO"
2026-03-10,0.0,283.8063476802128,CASH,CASH,ZRO,ZRO,"ADA,ZEC,ZRO"
2026-03-11,0.0,283.8063476802128,CASH,CASH,ZRO,ZRO,"ADA,ZEC,ZRO"
2026-03-12,0.0,283.8063476802128,CASH,CASH,ZRO,ZRO,"ADA,ZEC,ZRO"
2026-03-13,0.0,283.8063476802128,CASH,CASH,ZRO,ZRO,"ADA,ZEC,ZRO"
2026-03-14,0.0,283.8063476802128,CASH,CASH,,,
2026-03-15,0.0,283.8063476802128,CASH,CASH,,,"ADA,ZEC,ZRO"
2026-03-16,0.0,283.8063476802128,CASH,CASH,,,"ADA,ZEC,ZRO"
